1509598912000,1509598911014,40.112664,-88.224010,7.75,190.0,182.5,4.0,0.812,2217.0,32.0,23.01
1509598913000,1509598912001,40.112559,-88.224001,9.25,189.0,177.0,3.0,0.768,1790.7,33.3,16.99
1509598914000,1509598913004,40.112477,-88.223996,9.25,189.0,177.0,4.0,0.974,1579.3,35.0,18.43
1509598915000,1509598914000,40.112382,-88.223988,10.50,190.0,177.3,4.0,1.007,1685.3,37.0,19.08
1509598916000,1509598915002,40.112276,-88.223989,11.00,188.0,178.3,4.0,0.663,1764.7,39.0,18.17
1509598917000,1509598915991,40.112178,-88.223985,11.00,188.0,178.3,4.0,0.527,1793.7,40.0,15.56
1509598918000,1509598917030,40.112069,-88.223981,11.25,187.0,177.6,3.0,0.818,1819.7,40.3,15.82
1509598919000,1509598917994,40.111969,-88.223976,11.25,187.0,177.6,4.0,1.074,1901.2,42.2,19.90
1509598920000,1509598918999,40.111849,-88.223978,12.25,186.0,178.5,3.0,0.530,1679.3,43.3,16.60
1509598921000,1509598919999,40.111732,-88.223984,12.25,187.0,178.5,3.0,0.320,1386.3,44.0,14.12
1509598922000,1509598921041,40.111623,-88.223981,12.25,188.0,177.8,3.0,0.296,1353.0,43.3,13.33
1509598923000,1509598921995,40.111509,-88.223981,12.00,188.0,178.7,3.0,0.288,1330.0,42.3,13.33
1509598924000,1509598923048,40.111400,-88.223977,12.00,188.0,178.7,4.0,0.278,1297.0,41.0,13.20
1509598925000,1509598923991,40.111316,-88.223994,11.00,189.0,179.3,4.0,0.262,1229.3,39.0,12.94
1509598926000,1509598925032,40.111220,-88.223999,10.25,189.0,179.0,4.0,0.281,1306.3,36.0,12.94
1509598927000,1509598925992,40.111135,-88.224004,9.25,188.0,179.0,3.0,0.311,1488.7,33.0,13.33
1509598928000,1509598927046,40.111058,-88.224003,8.75,189.0,179.4,3.0,0.297,1403.0,31.0,13.33
1509598929000,1509598927997,40.110989,-88.224024,8.25,187.0,182.4,4.0,0.280,1300.5,28.5,13.24
1509598930000,1509598929006,40.110916,-88.224022,7.50,187.0,178.1,3.0,0.259,1209.0,25.7,12.94
1509598931000,1509598930005,40.110858,-88.224018,6.75,186.0,174.8,3.0,0.253,1191.0,22.0,12.94
1509598932000,1509598931050,40.110810,-88.224024,5.00,186.0,172.7,3.0,0.254,1194.7,18.0,12.94
1509598933000,1509598931994,40.110768,-88.224017,4.00,187.0,173.4,3.0,0.235,1091.7,14.7,12.81
1509598934000,1509598933001,40.110741,-88.224016,2.50,187.0,174.3,3.0,0.240,886.0,10.0,12.68
1509598935000,1509598933999,40.110723,-88.224016,1.00,187.0,170.7,3.0,0.251,827.0,4.8,12.65
1509598936000,1509598934994,40.110713,-88.224014,1.00,187.0,170.7,4.0,0.291,871.7,2.0,12.81
1509598937000,1509598936004,40.110706,-88.224015,0.00,187.0,NaN,3.0,0.298,880.3,0.3,13.07
1509598938000,1509598937042,40.110698,-88.224012,0.00,187.0,NaN,3.0,0.254,869.3,0.0,13.07
1509598939000,1509598937994,40.110693,-88.224008,0.00,187.0,NaN,3.0,0.228,827.7,0.0,12.55
1509598940000,1509598938996,40.110689,-88.224008,0.00,187.0,NaN,3.0,0.218,791.3,0.0,12.55
1509598941000,1509598940011,40.110688,-88.224012,0.00,187.0,NaN,3.0,0.215,781.0,0.0,12.42
1509598942000,1509598941006,40.110687,-88.224014,0.00,187.0,NaN,3.0,0.214,776.0,0.0,12.55
1509598943000,1509598942000,40.110689,-88.224017,0.00,187.0,NaN,3.0,0.212,773.3,0.0,12.42
1509598944000,1509598943011,40.110687,-88.224020,0.00,187.0,NaN,3.0,0.211,773.7,0.0,12.16
1509598945000,1509598944017,40.110690,-88.224021,0.00,186.0,NaN,3.0,0.211,772.0,0.0,12.16
1509598946000,1509598944994,40.110690,-88.224021,0.00,186.0,NaN,3.0,0.210,769.2,0.0,12.16
1509598947000,1509598945998,40.110691,-88.224024,0.00,186.0,NaN,3.0,0.208,764.2,0.0,12.16
1509598948000,1509598947023,40.110691,-88.224024,0.00,186.0,NaN,3.0,0.207,764.3,0.0,12.16
1509598949000,1509598948086,40.110691,-88.224024,0.00,186.0,NaN,3.0,0.207,764.0,0.0,12.16
1509598950000,1509598949005,40.110691,-88.224024,0.00,186.0,NaN,3.0,0.206,762.7,0.0,12.16
1509598951000,1509598950029,40.110691,-88.224024,0.00,186.0,NaN,3.0,0.204,763.5,0.0,12.16
1509598952000,1509598951020,40.110691,-88.224024,0.00,186.0,NaN,3.0,0.203,761.3,0.0,12.16
1509598953000,1509598952002,40.110691,-88.224024,0.00,186.0,NaN,3.0,0.204,758.2,0.0,12.16
1509598954000,1509598952993,40.110691,-88.224024,0.00,186.0,NaN,3.0,0.205,753.7,0.0,12.16
1509598955000,1509598954002,40.110691,-88.224024,0.00,186.0,NaN,3.0,0.204,753.5,0.0,12.16
1509598956000,1509598955000,40.110691,-88.224024,0.00,186.0,NaN,3.0,0.206,752.5,0.0,12.16
1509598957000,1509598956007,40.110691,-88.224024,0.00,186.0,NaN,3.0,0.204,751.7,0.0,12.16
1509598958000,1509598957004,40.110691,-88.224024,0.00,186.0,NaN,3.0,0.204,753.7,0.0,12.16
1509598959000,1509598957993,40.110691,-88.224024,0.00,186.0,NaN,4.0,0.204,752.7,0.0,12.16
1509598960000,1509598959002,40.110691,-88.224024,0.00,186.0,NaN,3.0,0.205,751.0,0.0,12.16
1509598961000,1509598960001,40.110691,-88.224024,0.00,186.0,NaN,3.0,0.208,749.3,0.0,12.16
1509598962000,1509598961005,40.110691,-88.224024,0.00,186.0,NaN,3.0,0.205,752.0,0.0,12.16
1509598963000,1509598962078,40.110691,-88.224024,0.00,186.0,NaN,3.0,0.204,754.7,0.0,12.16
1509598964000,1509598962999,40.110691,-88.224024,0.00,186.0,NaN,3.0,0.208,752.3,0.0,12.16
1509598965000,1509598963993,40.110691,-88.224024,0.00,186.0,NaN,4.0,0.205,749.0,0.0,12.16
1509598966000,1509598965005,40.110691,-88.224024,0.00,186.0,NaN,3.0,0.207,754.7,0.0,12.16
1509598967000,1509598966008,40.110691,-88.224023,0.00,186.0,NaN,3.0,0.206,756.3,0.0,12.16
1509598968000,1509598967025,40.110691,-88.224023,0.00,186.0,NaN,3.0,0.206,751.7,0.0,12.16
1509598969000,1509598968001,40.110691,-88.224023,0.00,186.0,NaN,3.0,0.204,750.7,0.0,12.16
1509598970000,1509598969029,40.110691,-88.224023,0.00,186.0,NaN,3.0,0.207,753.3,0.0,12.16
1509598971000,1509598970069,40.110692,-88.224022,0.00,187.0,NaN,3.0,0.206,754.0,0.0,12.16
1509598972000,1509598971001,40.110692,-88.224021,0.00,187.0,NaN,4.0,0.606,921.0,1.2,14.61
1509598973000,1509598972011,40.110689,-88.224021,2.75,187.0,176.0,4.0,0.994,1189.3,7.3,18.69
1509598974000,1509598973056,40.110656,-88.224011,4.25,187.0,174.2,3.0,1.456,1514.7,12.7,20.39
1509598975000,1509598973992,40.110619,-88.224006,4.25,187.0,174.2,4.0,1.281,1565.2,18.8,23.14
1509598976000,1509598975011,40.110557,-88.223989,6.25,188.0,175.3,3.0,0.626,1601.7,22.7,19.35
1509598977000,1509598976004,40.110493,-88.223989,6.25,189.0,179.1,3.0,0.554,1627.7,22.3,14.51
1509598978000,1509598977004,40.110436,-88.223972,6.75,190.0,178.8,3.0,1.023,1691.7,23.5,17.55
1509598979000,1509598978008,40.110375,-88.223970,6.75,190.0,178.8,4.0,0.851,1886.0,25.7,18.43
1509598980000,1509598979043,40.110304,-88.223975,7.50,188.0,181.6,4.0,0.800,1951.3,26.7,16.86
1509598981000,1509598979998,40.110239,-88.223982,7.75,187.0,180.9,4.0,0.916,1972.0,27.0,17.65
1509598982000,1509598981045,40.110171,-88.223968,8.00,187.0,183.3,4.0,0.953,2011.2,27.8,18.04
1509598983000,1509598982022,40.110097,-88.223985,7.75,187.0,185.0,4.0,0.907,2070.7,28.7,18.04
1509598984000,1509598982996,40.110020,-88.223984,8.25,188.0,187.8,4.0,0.954,1913.3,29.0,17.65
1509598985000,1509598984021,40.109947,-88.223988,8.50,188.0,185.9,3.0,0.659,1427.7,29.7,18.82
1509598986000,1509598984991,40.109871,-88.223998,8.50,189.0,185.9,4.0,0.462,1377.7,30.0,16.08
1509598987000,1509598985998,40.109808,-88.223993,8.50,187.0,179.1,4.0,0.405,1373.0,30.0,15.03
1509598988000,1509598987007,40.109728,-88.224005,8.50,183.0,177.1,4.0,0.611,1375.0,30.0,14.90
1509598989000,1509598988002,40.109649,-88.224007,8.75,184.0,175.7,4.0,0.695,1401.3,30.7,16.73
1509598990000,1509598988992,40.109569,-88.224001,8.75,185.0,176.4,4.0,0.519,1410.0,31.0,15.69
1509598991000,1509598990044,40.109490,-88.223989,8.50,185.0,177.0,4.0,0.430,1406.0,31.0,15.42
1509598992000,1509598990991,40.109413,-88.223983,8.50,185.0,177.0,4.0,0.288,1362.0,30.0,14.25
1509598993000,1509598991999,40.109352,-88.223986,7.00,186.0,177.4,4.0,0.263,1225.0,25.5,13.04
1509598994000,1509598992994,40.109295,-88.223990,5.75,187.0,178.0,4.0,0.257,1192.0,21.0,12.81
1509598995000,1509598993991,40.109234,-88.223984,5.00,188.0,177.2,4.0,0.254,1202.3,18.3,12.94
1509598996000,1509598994998,40.109189,-88.223973,4.75,188.0,178.9,3.0,0.251,1189.7,16.3,12.94
1509598997000,1509598996007,40.109161,-88.223962,3.50,188.0,178.0,3.0,0.239,1023.3,13.0,12.68
1509598998000,1509598997005,40.109133,-88.223957,2.75,188.0,170.3,3.0,0.242,845.3,9.0,12.68
1509598999000,1509598998033,40.109111,-88.223956,2.00,188.0,180.8,3.0,0.457,812.0,6.7,12.55
1509599000000,1509598999044,40.109091,-88.223964,3.25,188.0,179.1,3.0,1.335,1170.0,9.8,21.67
1509599001000,1509598999997,40.109053,-88.223960,4.25,188.0,176.1,3.0,1.811,1357.3,17.7,28.24
1509599002000,1509599001001,40.108996,-88.223962,5.50,190.0,182.8,4.0,2.371,1759.3,25.0,30.33
1509599003000,1509599001994,40.108922,-88.223959,9.25,191.0,178.2,4.0,2.155,2227.7,31.3,29.15
1509599004000,1509599003052,40.108832,-88.223962,10.00,191.0,179.3,3.0,1.873,1968.3,34.3,26.93
1509599005000,1509599004043,40.108754,-88.223949,10.75,193.0,177.8,4.0,1.145,1684.3,37.0,23.27
1509599006000,1509599005049,40.108659,-88.223945,10.75,193.0,177.8,5.0,0.924,1773.2,39.0,18.53
1509599007000,1509599005991,40.108565,-88.223953,11.25,194.0,179.8,4.0,0.792,1804.0,40.0,17.12
1509599008000,1509599006997,40.108466,-88.223953,11.25,194.0,180.7,4.0,1.257,1831.0,40.3,19.87
1509599009000,1509599007996,40.108363,-88.223958,11.50,194.0,180.3,4.0,1.276,1891.0,41.7,21.31
1509599010000,1509599009051,40.108249,-88.223957,12.00,195.0,178.7,4.0,1.253,1648.3,42.7,21.44
1509599011000,1509599010021,40.108132,-88.223955,12.25,195.0,179.3,3.0,0.562,1385.0,43.3,19.61
1509599012000,1509599011007,40.108020,-88.223953,12.25,196.0,179.3,4.0,0.534,1362.7,43.0,15.56
1509599013000,1509599012054,40.107912,-88.223963,12.25,197.0,178.7,3.0,0.822,1368.7,43.2,17.25
1509599014000,1509599013003,40.107804,-88.223961,12.25,194.0,180.3,3.0,0.556,1365.0,43.7,17.91
1509599015000,1509599013997,40.107702,-88.223959,11.75,191.0,179.3,3.0,0.232,1324.0,42.0,14.51
1509599016000,1509599015002,40.107597,-88.223957,11.75,191.0,179.3,4.0,0.258,1262.7,40.0,12.94
1509599017000,1509599016000,40.107512,-88.223954,10.25,192.0,179.5,3.0,0.242,1174.3,37.0,12.81
1509599018000,1509599017013,40.107435,-88.223953,9.00,190.0,179.7,3.0,0.257,1221.0,33.0,12.55
1509599019000,1509599018014,40.107367,-88.223951,8.00,188.0,179.8,4.0,0.280,1352.2,28.5,12.94
1509599020000,1509599019002,40.107293,-88.223951,8.00,188.0,179.8,5.0,0.279,1359.7,24.0,12.94
1509599021000,1509599020002,40.107249,-88.223949,6.25,187.0,178.4,4.0,0.284,1382.0,22.3,13.20
1509599022000,1509599020993,40.107193,-88.223947,6.25,187.0,178.4,5.0,0.282,1364.7,19.2,13.33
1509599023000,1509599022064,40.107159,-88.223961,3.75,187.0,178.7,5.0,0.249,1099.7,14.0,12.81
1509599024000,1509599023014,40.107132,-88.223961,2.25,187.0,179.0,5.0,0.237,880.3,8.7,12.68
1509599025000,1509599024013,40.107128,-88.223971,1.25,187.0,179.4,5.0,0.361,847.2,4.5,12.45
1509599026000,1509599024993,40.107111,-88.223971,1.75,187.0,179.4,5.0,1.076,1061.3,5.7,16.86
1509599027000,1509599026038,40.107087,-88.223974,2.75,186.0,186.7,6.0,2.153,1519.2,12.5,27.06
1509599028000,1509599026995,40.107063,-88.223978,2.75,186.0,186.7,8.0,2.584,1794.0,21.3,31.76
1509599029000,1509599028007,40.106940,-88.223949,8.25,188.0,183.0,5.0,2.493,1988.0,28.3,31.24
1509599030000,1509599029000,40.106845,-88.223941,10.00,189.0,180.5,4.0,2.503,2099.0,35.0,29.41
1509599031000,1509599029994,40.106756,-88.223942,10.00,189.0,180.5,4.0,1.657,1787.0,39.7,29.02
1509599032000,1509599031052,40.106653,-88.223953,11.50,188.0,180.2,3.0,0.608,1761.0,40.7,21.18
1509599033000,1509599031993,40.106547,-88.223954,11.50,188.0,180.2,4.0,0.260,1342.7,39.7,14.51
1509599034000,1509599033002,40.106447,-88.223940,10.50,188.0,179.0,3.0,0.228,1187.5,37.2,12.75
1509599035000,1509599033993,40.106364,-88.223934,9.00,188.0,178.5,3.0,0.235,1130.3,33.0,12.42
1509599036000,1509599034996,40.106291,-88.223929,7.25,189.0,179.6,3.0,0.256,1242.5,27.2,12.65
1509599037000,1509599036009,40.106232,-88.223934,6.00,188.0,180.2,3.0,0.244,1213.3,21.3,12.55
1509599038000,1509599036999,40.106180,-88.223913,5.25,190.0,180.3,3.0,0.249,1226.3,19.0,12.55
1509599039000,1509599038011,40.106120,-88.223898,4.75,190.0,178.5,3.0,0.243,1200.2,16.5,12.65
1509599040000,1509599038993,40.106085,-88.223905,3.50,190.0,181.3,3.0,0.211,1023.7,13.3,12.42
1509599041000,1509599040062,40.106061,-88.223912,2.25,189.0,178.5,3.0,0.215,827.2,8.2,12.25
1509599042000,1509599041028,40.106056,-88.223927,1.00,189.0,178.7,3.0,0.510,814.7,3.7,12.29
1509599043000,1509599041997,40.106050,-88.223926,1.75,189.0,180.4,3.0,1.178,1120.3,4.7,17.78
1509599044000,1509599042992,40.106034,-88.223926,1.75,189.0,180.4,4.0,1.406,1206.0,10.0,25.36
1509599045000,1509599044031,40.105988,-88.223929,3.75,189.0,179.9,4.0,1.877,1391.5,18.2,28.33
1509599046000,1509599045001,40.105913,-88.223923,6.75,190.0,176.8,3.0,2.360,1883.3,27.0,30.85
1509599047000,1509599045999,40.105845,-88.223920,8.25,192.0,179.0,3.0,2.101,2183.0,32.3,29.02
1509599048000,1509599046995,40.105752,-88.223925,10.25,193.0,178.5,3.0,1.594,1826.7,36.0,25.69
1509599049000,1509599048002,40.105657,-88.223921,10.25,193.0,178.5,4.0,0.911,1726.3,38.3,19.61
1509599050000,1509599049003,40.105544,-88.223910,11.00,195.0,178.2,3.0,0.676,1756.0,39.0,16.99
1509599051000,1509599049990,40.105447,-88.223906,11.00,195.0,178.2,4.0,0.794,1761.0,39.0,16.57
1509599052000,1509599050993,40.105351,-88.223914,11.00,196.0,179.2,3.0,1.100,1787.3,39.3,18.82
1509599053000,1509599052062,40.105249,-88.223910,11.50,196.0,179.0,3.0,1.069,1829.0,40.3,19.87
1509599054000,1509599052996,40.105148,-88.223921,11.50,197.0,180.3,3.0,0.858,1796.7,41.5,18.63
1509599055000,1509599053999,40.105049,-88.223907,11.50,198.0,179.7,3.0,0.364,1408.0,41.3,14.51
1509599056000,1509599055012,40.104947,-88.223901,11.00,199.0,179.8,3.0,0.229,1272.0,40.3,12.81
1509599057000,1509599056015,40.104845,-88.223882,10.75,201.0,180.4,3.0,0.239,1225.5,38.8,12.65
1509599058000,1509599057035,40.104751,-88.223888,10.00,201.0,180.0,4.0,0.223,1161.7,37.0,12.55
1509599059000,1509599057993,40.104664,-88.223891,9.50,201.0,180.6,4.0,0.248,1266.2,34.5,12.45
1509599060000,1509599059061,40.104586,-88.223892,9.00,201.0,180.8,4.0,0.283,1461.3,32.0,13.20
1509599061000,1509599060015,40.104507,-88.223897,8.50,202.0,179.0,5.0,0.280,1400.5,30.5,13.14
1509599062000,1509599061033,40.104431,-88.223895,8.50,201.0,179.0,6.0,0.266,1334.0,29.0,12.94
1509599063000,1509599062010,40.104367,-88.223905,7.00,200.0,181.0,5.0,0.244,1263.0,26.0,12.81
1509599064000,1509599063079,40.104318,-88.223912,5.00,198.0,182.2,5.0,0.244,1263.7,21.3,12.55
1509599065000,1509599064055,40.104287,-88.223920,3.25,198.0,182.0,4.0,0.240,1086.0,14.0,12.42
1509599066000,1509599064990,40.104258,-88.223921,3.25,197.0,182.0,5.0,0.236,885.7,6.3,12.42
1509599067000,1509599066021,40.104271,-88.223926,0.00,198.0,NaN,5.0,0.217,835.3,1.0,12.29
1509599068000,1509599067018,40.104271,-88.223926,0.00,198.0,NaN,5.0,0.335,806.3,0.0,12.94
1509599069000,1509599067994,40.104267,-88.223926,1.50,198.0,178.4,4.0,0.716,1081.0,2.7,17.12
1509599070000,1509599068991,40.104253,-88.223926,1.50,199.0,178.4,5.0,0.919,1268.0,9.0,18.30
1509599071000,1509599069999,40.104218,-88.223883,4.25,199.0,147.5,4.0,1.172,1461.2,14.2,20.00
1509599072000,1509599070998,40.104174,-88.223819,5.75,199.0,121.8,4.0,1.254,1428.0,19.7,21.83
1509599073000,1509599072001,40.104155,-88.223754,7.25,200.0,103.5,4.0,1.571,1745.7,24.7,23.27
1509599074000,1509599073002,40.104131,-88.223656,8.50,201.0,96.0,4.0,1.812,2053.7,29.0,24.05
1509599075000,1509599074004,40.104133,-88.223534,9.75,202.0,91.1,4.0,2.005,1861.3,32.3,25.10
1509599076000,1509599074995,40.104132,-88.223418,9.75,202.0,91.1,4.0,1.876,1704.2,37.8,28.82
1509599077000,1509599075998,40.104141,-88.223270,11.75,201.0,88.9,3.0,0.681,1806.7,41.7,21.96
1509599078000,1509599076999,40.104147,-88.223135,11.75,202.0,88.3,3.0,0.424,1403.3,41.7,14.38
