1331860867000,1331860867000,40.140406,-88.244390,1.75,192.4,256.0,10.0,0.290,700.0,0.0,2.55
1331860868000,1331860868000,40.140427,-88.244348,0.00,192.3,258.0,10.0,0.290,706.2,0.0,2.75
1331860869000,1331860869000,40.140427,-88.244347,0.00,192.3,259.0,10.0,0.364,850.0,1.0,3.33
1331860870000,1331860870000,40.140432,-88.244345,0.00,192.3,259.0,10.0,0.364,850.0,1.0,3.33
1331860871000,1331860871000,40.140437,-88.244351,0.63,192.4,274.0,10.0,0.644,1206.2,6.0,4.71
1331860872000,1331860872000,40.140442,-88.244367,1.06,192.7,280.0,10.0,0.946,1587.5,13.0,6.86
1331860873000,1331860873000,40.140450,-88.244383,1.38,192.8,283.0,10.0,0.946,1587.5,13.0,6.86
1331860874000,1331860874000,40.140457,-88.244406,1.69,192.8,285.0,10.0,0.770,1456.2,17.0,7.25
1331860875000,1331860875000,40.140457,-88.244435,1.88,193.0,281.0,10.0,0.387,1025.0,18.0,4.51
1331860876000,1331860876000,40.140447,-88.244463,1.94,193.0,274.0,10.0,0.387,1025.0,18.0,4.51
1331860877000,1331860877000,40.140432,-88.244502,2.38,192.9,266.0,10.0,0.284,856.2,15.0,2.75
1331860878000,1331860878000,40.140392,-88.244550,3.06,192.7,229.0,10.0,0.284,856.2,15.0,2.75
1331860879000,1331860879000,40.140367,-88.244567,2.81,192.6,224.0,10.0,0.292,793.7,9.0,2.75
1331860880000,1331860880000,40.140350,-88.244589,2.31,192.8,222.0,10.0,0.290,731.2,3.0,2.75
1331860881000,1331860881000,40.140334,-88.244609,1.94,193.2,222.0,10.0,0.290,731.2,3.0,2.75
1331860882000,1331860882000,40.140323,-88.244626,1.63,193.4,224.0,10.0,0.288,700.0,0.0,2.94
1331860883000,1331860883000,40.140316,-88.244635,1.19,193.4,223.0,10.0,0.475,956.2,2.0,4.12
1331860884000,1331860884000,40.140308,-88.244642,1.13,193.3,217.0,10.0,0.475,956.2,2.0,4.12
1331860885000,1331860885000,40.140290,-88.244655,1.88,193.4,212.0,10.0,0.819,1387.5,8.0,6.47
1331860886000,1331860886000,40.140266,-88.244669,2.44,193.5,207.0,10.0,0.836,1412.5,14.0,7.06
1331860887000,1331860887000,40.140238,-88.244684,2.94,193.5,203.0,10.0,0.836,1412.5,14.0,7.06
1331860888000,1331860888000,40.140204,-88.244702,3.50,193.5,199.0,10.0,0.595,1225.0,17.0,5.69
1331860889000,1331860889000,40.140166,-88.244726,4.00,193.6,203.0,10.0,0.541,1231.2,19.0,4.90
1331860890000,1331860890000,40.140125,-88.244757,4.50,193.7,205.0,10.0,0.541,1231.2,19.0,4.90
1331860891000,1331860891000,40.140082,-88.244784,5.07,193.7,203.0,10.0,0.670,1331.2,20.0,5.49
1331860892000,1331860892000,40.140038,-88.244808,5.19,193.4,201.0,10.0,0.670,1331.2,20.0,5.49
1331860893000,1331860893000,40.139994,-88.244824,5.25,193.2,197.0,10.0,0.753,1431.2,21.0,6.27
1331860894000,1331860894000,40.139951,-88.244831,5.07,193.3,192.0,10.0,0.856,1562.5,24.0,6.67
1331860895000,1331860895000,40.139913,-88.244822,4.38,193.3,180.0,10.0,0.856,1562.5,24.0,6.67
1331860896000,1331860896000,40.139870,-88.244790,4.44,193.7,163.0,10.0,0.968,1587.5,28.0,7.45
1331860897000,1331860897000,40.139829,-88.244752,4.63,193.7,149.0,10.0,1.011,1556.2,32.0,8.24
1331860898000,1331860898000,40.139788,-88.244708,5.00,193.8,143.0,10.0,1.011,1556.2,32.0,8.24
1331860899000,1331860899000,40.139741,-88.244644,5.69,193.8,138.0,10.0,0.779,1462.5,34.0,6.86
1331860900000,1331860900000,40.139684,-88.244558,6.82,193.7,135.0,10.0,0.668,1418.7,35.0,5.88
1331860901000,1331860901000,40.139618,-88.244466,7.88,193.5,135.0,10.0,0.668,1418.7,35.0,5.88
1331860902000,1331860902000,40.139537,-88.244357,9.26,193.6,139.0,10.0,0.794,1506.2,36.0,6.47
1331860903000,1331860903000,40.139452,-88.244251,10.13,193.2,145.0,10.0,0.782,1525.0,37.0,6.27
1331860904000,1331860904000,40.139365,-88.244161,10.51,193.0,147.0,10.0,0.782,1525.0,37.0,6.27
1331860905000,1331860905000,40.139279,-88.244079,10.76,193.4,150.0,10.0,0.830,1481.2,38.0,6.67
1331860906000,1331860906000,40.139190,-88.244002,10.82,193.8,152.0,10.0,0.830,1481.2,38.0,6.67
1331860907000,1331860907000,40.139100,-88.243935,11.07,194.0,155.0,10.0,0.889,1431.2,39.0,7.06
1331860908000,1331860908000,40.139006,-88.243879,11.32,194.2,160.0,10.0,0.898,1437.5,40.0,6.86
1331860909000,1331860909000,40.138904,-88.243836,11.51,194.0,164.0,10.0,0.898,1437.5,40.0,6.86
1331860910000,1331860910000,40.138802,-88.243802,11.20,194.0,167.0,10.0,0.825,1406.2,40.0,6.27
1331860911000,1331860911000,40.138696,-88.243781,11.45,193.8,171.0,10.0,0.837,1418.7,41.0,6.47
1331860912000,1331860912000,40.138588,-88.243768,11.20,193.5,175.0,10.0,0.837,1418.7,41.0,6.47
1331860913000,1331860913000,40.138488,-88.243765,11.70,193.4,177.0,10.0,0.909,1475.0,43.0,6.86
1331860914000,1331860914000,40.138383,-88.243765,12.13,193.7,178.0,10.0,0.963,1506.2,44.0,7.25
1331860915000,1331860915000,40.138274,-88.243764,12.32,193.3,178.0,10.0,0.963,1506.2,44.0,7.25
1331860916000,1331860916000,40.138159,-88.243765,12.32,193.3,178.0,10.0,1.020,1543.7,45.0,7.84
1331860917000,1331860917000,40.138038,-88.243761,12.76,194.0,178.0,10.0,1.027,1568.7,47.0,7.84
1331860918000,1331860918000,40.137913,-88.243758,13.26,194.7,179.0,10.0,1.027,1568.7,47.0,7.84
1331860919000,1331860919000,40.137791,-88.243756,13.39,195.3,179.0,10.0,1.038,1581.2,49.0,8.04
1331860920000,1331860920000,40.137669,-88.243756,13.45,195.4,179.0,10.0,1.032,1587.5,50.0,8.04
1331860921000,1331860921000,40.137543,-88.243756,13.70,195.5,179.0,10.0,1.032,1587.5,50.0,8.04
1331860922000,1331860922000,40.137413,-88.243758,14.14,195.9,180.0,10.0,0.944,1537.5,51.0,7.06
1331860923000,1331860923000,40.137282,-88.243759,14.32,196.2,180.0,10.0,0.641,1406.2,51.0,4.51
1331860924000,1331860924000,40.137154,-88.243758,14.26,196.7,179.0,10.0,0.641,1406.2,51.0,4.51
1331860925000,1331860925000,40.137025,-88.243756,14.01,196.8,179.0,10.0,0.471,1343.7,50.0,3.33
1331860926000,1331860926000,40.136897,-88.243757,13.95,196.9,180.0,10.0,0.471,1343.7,50.0,3.33
1331860927000,1331860927000,40.136769,-88.243759,13.82,196.6,180.0,10.0,0.404,1225.0,49.0,3.14
1331860928000,1331860928000,40.136646,-88.243762,13.45,196.2,182.0,10.0,0.254,1006.2,47.0,2.55
1331860929000,1331860929000,40.136526,-88.243765,13.07,196.0,181.0,10.0,0.254,1006.2,47.0,2.55
1331860930000,1331860930000,40.136410,-88.243768,12.51,195.9,181.0,10.0,0.230,918.7,43.0,2.75
1331860931000,1331860931000,40.136301,-88.243775,11.76,196.0,182.0,10.0,0.229,875.0,37.0,2.94
1331860932000,1331860932000,40.136202,-88.243783,10.88,196.8,181.0,10.0,0.229,875.0,37.0,2.94
1331860933000,1331860933000,40.136114,-88.243788,9.57,197.6,181.0,10.0,0.253,837.5,29.0,3.14
1331860934000,1331860934000,40.136040,-88.243790,8.07,198.1,180.0,10.0,0.274,868.7,19.0,2.94
1331860935000,1331860935000,40.135982,-88.243787,6.44,198.5,178.0,10.0,0.274,868.7,19.0,2.94
1331860936000,1331860936000,40.135945,-88.243784,4.75,199.1,181.0,10.0,0.273,812.5,9.0,2.94
1331860937000,1331860937000,40.135926,-88.243783,2.88,199.0,183.0,10.0,0.273,812.5,9.0,2.94
1331860938000,1331860938000,40.135922,-88.243781,1.25,198.9,189.0,10.0,0.271,706.2,2.0,2.94
1331860939000,1331860939000,40.135926,-88.243777,0.25,198.9,204.0,10.0,0.269,687.5,0.0,2.94
1331860940000,1331860940000,40.135926,-88.243777,0.00,198.8,204.0,10.0,0.269,687.5,0.0,2.94
1331860941000,1331860941000,40.135926,-88.243777,0.00,198.8,204.0,10.0,0.263,687.5,0.0,3.14
1331860942000,1331860942000,40.135926,-88.243777,0.00,198.8,204.0,10.0,0.254,675.0,0.0,2.94
1331860943000,1331860943000,40.135926,-88.243777,0.00,198.8,204.0,10.0,0.254,675.0,0.0,2.94
1331860944000,1331860944000,40.135926,-88.243777,0.00,198.8,204.0,10.0,0.249,662.5,0.0,2.75
1331860945000,1331860945000,40.135926,-88.243777,0.00,198.8,204.0,10.0,0.247,662.5,0.0,2.75
1331860946000,1331860946000,40.135926,-88.243777,0.00,198.8,204.0,10.0,0.247,662.5,0.0,2.75
1331860947000,1331860947000,40.135926,-88.243777,0.00,198.8,204.0,10.0,0.249,662.5,0.0,2.94
1331860948000,1331860948000,40.135926,-88.243777,0.00,198.8,204.0,10.0,0.249,662.5,0.0,3.14
1331860949000,1331860949000,40.135926,-88.243777,0.00,198.8,204.0,10.0,0.249,662.5,0.0,3.14
1331860950000,1331860950000,40.135926,-88.243777,0.00,198.8,204.0,10.0,0.251,662.5,0.0,3.14
1331860951000,1331860951000,40.135926,-88.243777,0.00,198.8,204.0,10.0,0.251,662.5,0.0,3.14
1331860952000,1331860952000,40.135926,-88.243777,0.00,198.8,204.0,10.0,0.250,662.5,0.0,3.14
1331860953000,1331860953000,40.135926,-88.243777,0.00,198.8,204.0,10.0,0.246,662.5,0.0,3.14
1331860954000,1331860954000,40.135926,-88.243777,0.00,198.8,204.0,10.0,0.246,662.5,0.0,3.14
1331860955000,1331860955000,40.135926,-88.243777,0.00,198.8,204.0,10.0,0.245,656.2,0.0,3.14
1331860956000,1331860956000,40.135926,-88.243777,0.00,198.8,204.0,10.0,0.246,656.2,0.0,3.14
1331860957000,1331860957000,40.135926,-88.243777,0.00,198.8,204.0,10.0,0.246,656.2,0.0,3.14
1331860958000,1331860958000,40.135926,-88.243777,0.00,198.8,204.0,10.0,0.246,656.2,0.0,3.14
1331860959000,1331860959000,40.135926,-88.243777,0.00,198.8,204.0,10.0,0.246,656.2,0.0,3.14
1331860960000,1331860960000,40.135926,-88.243777,0.00,198.8,204.0,10.0,0.246,656.2,0.0,3.14
1331860961000,1331860961000,40.135926,-88.243777,0.00,198.8,204.0,10.0,0.244,656.2,0.0,3.14
1331860962000,1331860962000,40.135926,-88.243777,0.00,198.8,204.0,10.0,0.244,656.2,0.0,3.14
1331860963000,1331860963000,40.135926,-88.243777,0.00,198.8,204.0,10.0,0.243,675.0,0.0,3.14
1331860964000,1331860964000,40.135926,-88.243777,0.00,198.8,204.0,10.0,0.605,1075.0,4.0,5.49
1331860965000,1331860965000,40.135926,-88.243777,0.00,198.8,204.0,10.0,0.605,1075.0,4.0,5.49
1331860966000,1331860966000,40.135941,-88.243774,2.44,201.1,196.0,10.0,1.094,1625.0,12.0,8.43
1331860967000,1331860967000,40.135908,-88.243776,3.88,201.4,180.0,10.0,1.255,1743.7,19.0,9.41
1331860968000,1331860968000,40.135864,-88.243778,5.00,201.7,180.0,10.0,1.255,1743.7,19.0,9.41
1331860969000,1331860969000,40.135812,-88.243779,6.00,201.9,179.0,10.0,1.498,1812.5,25.0,11.18
1331860970000,1331860970000,40.135749,-88.243780,7.13,201.9,179.0,10.0,1.498,1812.5,25.0,11.18
1331860971000,1331860971000,40.135676,-88.243783,7.94,202.3,179.0,10.0,1.655,1987.5,30.0,11.76
1331860972000,1331860972000,40.135595,-88.243777,9.01,202.2,178.0,10.0,1.518,1906.2,34.0,10.78
1331860973000,1331860973000,40.135505,-88.243775,9.38,202.7,179.0,10.0,1.518,1906.2,34.0,10.78
1331860974000,1331860974000,40.135412,-88.243776,9.88,203.5,180.0,10.0,1.382,1768.7,37.0,10.20
1331860975000,1331860975000,40.135321,-88.243777,10.20,203.6,180.0,10.0,0.843,1362.5,37.0,6.08
1331860976000,1331860976000,40.135224,-88.243777,10.45,204.0,178.0,10.0,0.843,1362.5,37.0,6.08
1331860977000,1331860977000,40.135131,-88.243774,10.26,203.9,178.0,10.0,0.315,943.7,36.0,2.55
1331860978000,1331860978000,40.135040,-88.243771,10.07,204.1,179.0,10.0,0.315,943.7,36.0,2.55
1331860979000,1331860979000,40.134952,-88.243769,9.70,204.5,179.0,10.0,0.278,906.2,35.0,2.75
1331860980000,1331860980000,40.134864,-88.243762,9.45,205.4,178.0,10.0,0.279,906.2,33.0,2.75
1331860981000,1331860981000,40.134779,-88.243755,9.19,206.0,177.0,10.0,0.279,906.2,33.0,2.75
1331860982000,1331860982000,40.134696,-88.243748,9.07,206.4,176.0,10.0,0.273,925.0,32.0,2.75
1331860983000,1331860983000,40.134614,-88.243740,8.94,206.7,176.0,10.0,0.276,918.7,32.0,2.75
1331860984000,1331860984000,40.134533,-88.243733,8.82,206.8,177.0,10.0,0.276,918.7,32.0,2.75
1331860985000,1331860985000,40.134453,-88.243730,8.76,207.1,179.0,10.0,0.276,912.5,31.0,2.75
1331860986000,1331860986000,40.134374,-88.243728,8.44,207.5,179.0,10.0,0.275,912.5,28.0,2.75
1331860987000,1331860987000,40.134298,-88.243729,7.82,207.9,179.0,10.0,0.275,912.5,28.0,2.75
1331860988000,1331860988000,40.134228,-88.243730,7.32,208.3,179.0,10.0,0.276,900.0,25.0,2.75
1331860989000,1331860989000,40.134162,-88.243731,6.88,208.6,180.0,10.0,0.274,900.0,24.0,2.75
1331860990000,1331860990000,40.134098,-88.243733,6.88,208.9,181.0,10.0,0.274,900.0,24.0,2.75
1331860991000,1331860991000,40.134035,-88.243735,6.94,209.0,181.0,10.0,0.348,1000.0,25.0,3.73
1331860992000,1331860992000,40.133970,-88.243736,7.19,208.9,179.0,10.0,0.348,1000.0,25.0,3.73
1331860993000,1331860993000,40.133906,-88.243733,7.38,208.7,176.0,10.0,0.355,1025.0,26.0,3.73
1331860994000,1331860994000,40.133843,-88.243718,7.51,207.9,168.0,10.0,0.283,881.2,26.0,2.75
1331860995000,1331860995000,40.133782,-88.243689,7.26,207.3,158.0,10.0,0.283,881.2,26.0,2.75
1331860996000,1331860996000,40.133727,-88.243640,7.44,206.5,142.0,10.0,0.278,850.0,27.0,2.75
1331860997000,1331860997000,40.133684,-88.243571,7.44,205.8,125.0,10.0,0.501,1143.7,28.0,3.73
1331860998000,1331860998000,40.133664,-88.243486,7.63,205.0,109.0,10.0,0.501,1143.7,28.0,3.73
1331860999000,1331860999000,40.133659,-88.243392,7.76,204.8,94.0,10.0,0.944,1525.0,31.0,6.67
1331861000000,1331861000000,40.133666,-88.243287,8.94,204.5,86.0,10.0,1.230,1712.5,36.0,9.02
1331861001000,1331861001000,40.133682,-88.243171,9.88,204.1,81.0,10.0,1.230,1712.5,36.0,9.02
1331861002000,1331861002000,40.133708,-88.243049,10.57,203.3,73.0,10.0,0.793,1412.5,38.0,6.27
1331861003000,1331861003000,40.133750,-88.242920,11.07,202.7,68.0,10.0,0.624,1268.7,39.0,5.29
1331861004000,1331861004000,40.133800,-88.242800,11.26,202.3,60.0,10.0,0.624,1268.7,39.0,5.29
1331861005000,1331861005000,40.133874,-88.242692,11.63,201.1,50.0,10.0,1.102,1556.2,42.0,8.63
1331861006000,1331861006000,40.133951,-88.242584,11.95,200.6,48.0,10.0,1.102,1556.2,42.0,8.63
1331861007000,1331861007000,40.134037,-88.242478,12.57,200.2,47.0,10.0,1.369,1718.7,46.0,10.20
1331861008000,1331861008000,40.134123,-88.242370,13.14,199.2,47.0,10.0,1.526,1825.0,50.0,10.98
1331861009000,1331861009000,40.134210,-88.242253,13.76,198.5,47.0,10.0,1.526,1825.0,50.0,10.98
1331861010000,1331861010000,40.134297,-88.242130,14.45,198.1,48.0,10.0,1.588,1862.5,54.0,11.37
1331861011000,1331861011000,40.134386,-88.241997,15.14,197.7,50.0,10.0,1.587,1837.5,57.0,11.37
1331861012000,1331861012000,40.134470,-88.241851,15.76,197.0,55.0,10.0,1.587,1837.5,57.0,11.37
1331861013000,1331861013000,40.134546,-88.241689,16.08,196.9,60.0,10.0,1.480,1818.7,59.0,10.39
1331861014000,1331861014000,40.134605,-88.241510,16.39,196.8,67.0,10.0,1.422,1856.2,61.0,9.80
1331861015000,1331861015000,40.134646,-88.241315,16.83,197.2,73.0,10.0,1.422,1856.2,61.0,9.80
1331861016000,1331861016000,40.134676,-88.241115,17.01,197.5,79.0,10.0,1.453,1881.2,62.0,10.20
1331861017000,1331861017000,40.134694,-88.240911,17.08,197.8,85.0,10.0,1.453,1881.2,62.0,10.20
1331861018000,1331861018000,40.134700,-88.240702,17.58,198.1,88.0,10.0,1.761,1993.7,63.0,11.76
1331861019000,1331861019000,40.134704,-88.240488,17.89,198.1,88.0,10.0,2.110,2100.0,66.0,13.92
1331861020000,1331861020000,40.134707,-88.240273,18.33,198.3,89.0,10.0,2.110,2100.0,66.0,13.92
1331861021000,1331861021000,40.134710,-88.240053,18.64,198.5,89.0,10.0,1.972,2075.0,68.0,12.94
1331861022000,1331861022000,40.134714,-88.239829,18.95,198.7,88.0,10.0,1.943,2106.2,70.0,12.75
1331861023000,1331861023000,40.134719,-88.239603,19.33,199.0,88.0,10.0,1.943,2106.2,70.0,12.75
1331861024000,1331861024000,40.134724,-88.239371,19.77,199.2,88.0,10.0,2.116,2056.2,73.0,14.12
1331861025000,1331861025000,40.134729,-88.239133,20.27,199.4,88.0,10.0,2.116,2056.2,73.0,14.12
1331861026000,1331861026000,40.134735,-88.238890,20.70,199.5,88.0,10.0,2.027,1925.0,75.0,14.31
1331861027000,1331861027000,40.134741,-88.238641,21.20,199.7,89.0,10.0,1.932,1937.5,78.0,14.31
1331861028000,1331861028000,40.134745,-88.238386,21.70,199.7,89.0,10.0,1.932,1937.5,78.0,14.31
1331861029000,1331861029000,40.134749,-88.238126,22.27,199.7,89.0,10.0,1.968,2012.5,82.0,13.92
1331861030000,1331861030000,40.134751,-88.237860,22.77,199.7,89.0,10.0,2.024,2087.5,85.0,13.73
1331861031000,1331861031000,40.134753,-88.237587,23.33,199.6,89.0,10.0,2.024,2087.5,85.0,13.73
1331861032000,1331861032000,40.134756,-88.237308,23.83,199.6,89.0,10.0,2.092,2162.5,87.0,13.92
1331861033000,1331861033000,40.134758,-88.237024,24.27,199.6,89.0,10.0,2.092,2162.5,87.0,13.92
1331861034000,1331861034000,40.134758,-88.236735,24.64,199.2,89.0,10.0,2.057,2218.7,89.0,13.53
1331861035000,1331861035000,40.134759,-88.236443,24.83,199.1,89.0,10.0,1.773,2237.5,90.0,11.76
1331861036000,1331861036000,40.134761,-88.236150,24.83,198.8,89.0,10.0,1.773,2237.5,90.0,11.76
1331861037000,1331861037000,40.134762,-88.235858,24.64,198.6,89.0,10.0,1.551,2231.2,89.0,10.20
1331861038000,1331861038000,40.134766,-88.235568,24.58,198.8,89.0,10.0,1.543,2206.2,88.0,9.80
1331861039000,1331861039000,40.134769,-88.235280,24.39,198.8,89.0,10.0,1.543,2206.2,88.0,9.80
1331861040000,1331861040000,40.134773,-88.234992,24.33,198.7,89.0,10.0,1.652,2187.5,88.0,10.20
1331861041000,1331861041000,40.134777,-88.234705,24.27,198.9,89.0,10.0,1.995,2206.2,89.0,11.76
1331861042000,1331861042000,40.134778,-88.234418,24.46,198.5,89.0,10.0,1.995,2206.2,89.0,11.76
1331861043000,1331861043000,40.134780,-88.234129,24.71,198.5,89.0,10.0,2.215,2237.5,90.0,13.73
1331861044000,1331861044000,40.134782,-88.233837,24.96,198.7,89.0,10.0,2.202,2275.0,91.0,14.31
1331861045000,1331861045000,40.134785,-88.233541,25.27,199.0,89.0,10.0,2.202,2275.0,91.0,14.31
1331861046000,1331861046000,40.134786,-88.233243,25.58,198.8,90.0,10.0,2.223,2318.7,93.0,14.12
1331861047000,1331861047000,40.134787,-88.232940,25.90,198.7,90.0,10.0,2.092,2356.2,95.0,13.14
1331861048000,1331861048000,40.134789,-88.232633,26.15,198.8,89.0,10.0,2.092,2356.2,95.0,13.14
1331861049000,1331861049000,40.134791,-88.232324,26.40,198.7,89.0,10.0,1.944,2393.7,97.0,12.16
1331861050000,1331861050000,40.134793,-88.232011,26.65,198.5,89.0,10.0,1.944,2393.7,97.0,12.16
1331861051000,1331861051000,40.134797,-88.231695,27.02,198.7,89.0,10.0,1.959,2437.5,99.0,12.16
1331861052000,1331861052000,40.134802,-88.231374,27.33,198.6,89.0,10.0,1.970,2487.5,101.0,11.96
1331861053000,1331861053000,40.134807,-88.231050,27.65,198.6,89.0,10.0,1.970,2487.5,101.0,11.96
1331861054000,1331861054000,40.134812,-88.230722,27.96,198.4,89.0,10.0,1.694,2525.0,102.0,9.80
1331861055000,1331861055000,40.134815,-88.230392,28.15,198.1,89.0,10.0,1.295,2543.7,102.0,7.45
1331861056000,1331861056000,40.134819,-88.230060,28.27,197.7,90.0,10.0,1.295,2543.7,102.0,7.45
1331861057000,1331861057000,40.134822,-88.229727,28.34,197.1,89.0,10.0,1.005,2556.2,102.0,5.69
1331861058000,1331861058000,40.134825,-88.229392,28.40,196.7,89.0,10.0,1.005,2556.2,102.0,5.69
1331861059000,1331861059000,40.134829,-88.229057,28.40,196.2,89.0,10.0,0.781,2550.0,102.0,3.73
1331861060000,1331861060000,40.134832,-88.228723,28.21,195.6,89.0,10.0,0.650,2531.2,102.0,2.75
1331861061000,1331861061000,40.134836,-88.228392,28.15,195.1,89.0,10.0,0.650,2531.2,102.0,2.75
1331861062000,1331861062000,40.134840,-88.228062,27.90,194.7,89.0,10.0,0.570,2506.2,101.0,2.55
1331861063000,1331861063000,40.134844,-88.227736,27.52,194.4,89.0,10.0,0.552,2456.2,98.0,2.55
1331861064000,1331861064000,40.134849,-88.227414,27.15,194.1,89.0,10.0,0.552,2456.2,98.0,2.55
1331861065000,1331861065000,40.134853,-88.227099,26.65,193.9,89.0,10.0,0.547,2387.5,95.0,2.35
1331861066000,1331861066000,40.134856,-88.226790,26.08,194.2,89.0,10.0,0.541,2300.0,92.0,2.55
1331861067000,1331861067000,40.134860,-88.226488,25.40,194.2,89.0,10.0,0.541,2300.0,92.0,2.55
1331861068000,1331861068000,40.134862,-88.226195,24.64,194.7,90.0,10.0,0.529,2200.0,88.0,2.55
1331861069000,1331861069000,40.134863,-88.225910,23.96,194.5,90.0,10.0,0.529,2200.0,88.0,2.55
1331861070000,1331861070000,40.134864,-88.225632,23.33,194.4,90.0,10.0,0.512,2100.0,84.0,2.35
1331861071000,1331861071000,40.134866,-88.225362,22.71,194.4,89.0,10.0,0.493,2006.2,80.0,2.35
1331861072000,1331861072000,40.134869,-88.225100,22.02,194.3,89.0,10.0,0.493,2006.2,80.0,2.35
1331861073000,1331861073000,40.134873,-88.224846,21.45,194.2,89.0,10.0,0.479,1918.7,76.0,2.55
1331861074000,1331861074000,40.134875,-88.224598,20.89,194.2,90.0,10.0,0.468,1843.7,73.0,2.75
1331861075000,1331861075000,40.134876,-88.224356,20.45,194.3,90.0,10.0,0.468,1843.7,73.0,2.75
1331861076000,1331861076000,40.134874,-88.224120,19.95,194.2,91.0,10.0,0.452,1781.2,71.0,2.75
1331861077000,1331861077000,40.134869,-88.223889,19.58,194.2,92.0,10.0,0.452,1781.2,71.0,2.75
1331861078000,1331861078000,40.134861,-88.223664,19.08,194.0,93.0,10.0,0.432,1718.7,69.0,2.75
1331861079000,1331861079000,40.134852,-88.223444,18.70,193.7,93.0,10.0,0.419,1662.5,66.0,2.75
1331861080000,1331861080000,40.134844,-88.223228,18.26,193.7,93.0,10.0,0.419,1662.5,66.0,2.75
1331861081000,1331861081000,40.134834,-88.223018,17.83,193.7,93.0,10.0,0.404,1606.2,63.0,2.75
1331861082000,1331861082000,40.134824,-88.222812,17.45,193.4,93.0,10.0,0.383,1550.0,61.0,2.75
1331861083000,1331861083000,40.134815,-88.222611,17.08,193.4,94.0,10.0,0.383,1550.0,61.0,2.75
1331861084000,1331861084000,40.134802,-88.222415,16.64,193.3,96.0,10.0,0.369,1493.7,59.0,2.75
1331861085000,1331861085000,40.134786,-88.222225,16.20,193.5,98.0,10.0,0.356,1425.0,56.0,2.75
1331861086000,1331861086000,40.134765,-88.222041,15.64,193.9,100.0,10.0,0.356,1425.0,56.0,2.75
1331861087000,1331861087000,40.134738,-88.221865,15.20,194.0,102.0,10.0,0.337,1350.0,53.0,2.75
1331861088000,1331861088000,40.134704,-88.221695,14.76,193.3,105.0,10.0,0.319,1268.7,50.0,2.75
1331861089000,1331861089000,40.134664,-88.221534,14.20,192.7,108.0,10.0,0.319,1268.7,50.0,2.75
1331861090000,1331861090000,40.134623,-88.221383,13.51,192.4,109.0,10.0,0.300,1181.2,46.0,2.75
1331861091000,1331861091000,40.134581,-88.221241,12.70,191.8,111.0,10.0,0.300,1181.2,46.0,2.75
1331861092000,1331861092000,40.134543,-88.221106,12.26,191.4,111.0,10.0,0.262,1043.7,43.0,2.94
1331861093000,1331861093000,40.134503,-88.220980,11.70,191.1,111.0,10.0,0.231,931.2,40.0,3.14
1331861094000,1331861094000,40.134467,-88.220859,11.20,190.9,110.0,10.0,0.231,931.2,40.0,3.14
1331861095000,1331861095000,40.134435,-88.220741,10.70,190.4,110.0,10.0,0.228,881.2,37.0,3.14
1331861096000,1331861096000,40.134406,-88.220626,10.20,190.4,109.0,10.0,0.309,993.7,35.0,3.53
1331861097000,1331861097000,40.134379,-88.220516,9.76,190.5,108.0,10.0,0.309,993.7,35.0,3.53
1331861098000,1331861098000,40.134354,-88.220413,9.38,190.8,108.0,10.0,0.407,1175.0,33.0,3.73
1331861099000,1331861099000,40.134332,-88.220315,9.07,191.1,108.0,10.0,0.344,1068.7,31.0,3.14
1331861100000,1331861100000,40.134309,-88.220218,8.88,191.3,108.0,10.0,0.344,1068.7,31.0,3.14
1331861101000,1331861101000,40.134288,-88.220123,8.44,191.0,107.0,10.0,0.267,881.2,30.0,2.75
1331861102000,1331861102000,40.134268,-88.220032,8.38,191.0,108.0,10.0,0.273,875.0,29.0,2.75
1331861103000,1331861103000,40.134245,-88.219941,8.44,190.5,108.0,10.0,0.273,875.0,29.0,2.75
1331861104000,1331861104000,40.134222,-88.219851,8.01,190.2,110.0,10.0,0.276,881.2,25.0,2.75
1331861105000,1331861105000,40.134199,-88.219776,7.32,188.6,113.0,10.0,0.276,881.2,25.0,2.75
1331861106000,1331861106000,40.134174,-88.219716,5.63,188.7,121.0,10.0,0.278,912.5,20.0,2.75
1331861107000,1331861107000,40.134148,-88.219672,4.63,188.2,131.0,10.0,0.387,1075.0,18.0,3.73
1331861108000,1331861108000,40.134116,-88.219642,4.75,188.2,146.0,10.0,0.387,1075.0,18.0,3.73
1331861109000,1331861109000,40.134077,-88.219620,5.19,188.4,156.0,10.0,0.578,1275.0,20.0,4.90
1331861110000,1331861110000,40.134031,-88.219605,5.32,188.9,164.0,10.0,0.692,1443.7,23.0,5.29
1331861111000,1331861111000,40.133978,-88.219597,5.94,189.2,170.0,10.0,0.692,1443.7,23.0,5.29
1331861112000,1331861112000,40.133917,-88.219595,7.01,189.7,172.0,10.0,0.749,1581.2,26.0,5.49
1331861113000,1331861113000,40.133845,-88.219596,7.51,190.6,174.0,10.0,0.724,1493.7,29.0,5.29
1331861114000,1331861114000,40.133771,-88.219596,8.07,191.3,175.0,10.0,0.724,1493.7,29.0,5.29
1331861115000,1331861115000,40.133692,-88.219593,8.57,191.8,176.0,10.0,0.651,1343.7,32.0,5.29
1331861116000,1331861116000,40.133609,-88.219589,9.07,191.8,177.0,10.0,0.631,1387.5,35.0,5.10
1331861117000,1331861117000,40.133522,-88.219586,9.57,191.9,177.0,10.0,0.631,1387.5,35.0,5.10
1331861118000,1331861118000,40.133429,-88.219584,10.01,191.7,179.0,10.0,0.583,1437.5,37.0,4.71
1331861119000,1331861119000,40.133333,-88.219583,10.51,191.5,180.0,10.0,0.583,1437.5,37.0,4.71
1331861120000,1331861120000,40.133233,-88.219584,10.82,191.3,180.0,10.0,0.457,1275.0,39.0,4.12
1331861121000,1331861121000,40.133131,-88.219584,11.13,191.2,180.0,10.0,0.382,1106.2,41.0,3.53
1331861122000,1331861122000,40.133026,-88.219585,11.32,191.3,180.0,10.0,0.382,1106.2,41.0,3.53
1331861123000,1331861123000,40.132921,-88.219585,11.45,191.3,179.0,10.0,0.347,1087.5,42.0,2.75
1331861124000,1331861124000,40.132816,-88.219584,11.51,191.3,179.0,10.0,0.337,1087.5,42.0,2.75
1331861125000,1331861125000,40.132708,-88.219586,11.57,191.4,179.0,10.0,0.337,1087.5,42.0,2.75
1331861126000,1331861126000,40.132600,-88.219591,11.63,191.5,180.0,10.0,0.350,1118.7,42.0,3.53
1331861127000,1331861127000,40.132491,-88.219595,11.63,191.6,180.0,10.0,0.355,1125.0,42.0,3.33
1331861128000,1331861128000,40.132384,-88.219598,11.63,191.6,180.0,10.0,0.355,1125.0,42.0,3.33
1331861129000,1331861129000,40.132278,-88.219603,11.38,191.5,182.0,10.0,0.383,1137.5,42.0,3.33
1331861130000,1331861130000,40.132173,-88.219608,11.38,191.5,181.0,10.0,0.383,1137.5,42.0,3.33
1331861131000,1331861131000,40.132069,-88.219610,11.32,191.3,180.0,10.0,0.552,1256.2,42.0,4.71
1331861132000,1331861132000,40.131965,-88.219607,11.51,191.5,178.0,10.0,0.814,1425.0,42.0,6.47
1331861133000,1331861133000,40.131858,-88.219604,11.70,191.8,178.0,10.0,0.814,1425.0,42.0,6.47
1331861134000,1331861134000,40.131751,-88.219600,11.82,191.5,179.0,10.0,0.947,1506.2,43.0,7.25
1331861135000,1331861135000,40.131641,-88.219594,12.01,191.5,178.0,10.0,0.979,1525.0,45.0,7.45
1331861136000,1331861136000,40.131530,-88.219594,12.26,191.7,178.0,10.0,0.979,1525.0,45.0,7.45
1331861137000,1331861137000,40.131417,-88.219592,12.51,191.8,178.0,10.0,0.972,1531.2,46.0,7.45
1331861138000,1331861138000,40.131301,-88.219587,12.76,192.2,178.0,10.0,0.943,1537.5,47.0,7.06
1331861139000,1331861139000,40.131183,-88.219587,13.01,192.6,179.0,10.0,0.943,1537.5,47.0,7.06
1331861140000,1331861140000,40.131064,-88.219584,13.26,192.8,178.0,10.0,0.738,1437.5,48.0,5.49
1331861141000,1331861141000,40.130942,-88.219579,13.39,192.7,178.0,10.0,0.560,1337.5,48.0,4.31
1331861142000,1331861142000,40.130820,-88.219572,13.32,192.4,179.0,10.0,0.560,1337.5,48.0,4.31
1331861143000,1331861143000,40.130698,-88.219569,13.32,192.4,179.0,10.0,0.654,1387.5,48.0,4.90
1331861144000,1331861144000,40.130575,-88.219569,13.39,193.1,180.0,10.0,0.654,1387.5,48.0,4.90
1331861145000,1331861145000,40.130451,-88.219570,13.39,193.4,180.0,10.0,0.814,1481.2,48.0,5.88
1331861146000,1331861146000,40.130329,-88.219572,13.26,193.6,181.0,10.0,0.942,1543.7,49.0,6.86
1331861147000,1331861147000,40.130206,-88.219575,13.51,194.2,181.0,10.0,0.942,1543.7,49.0,6.86
1331861148000,1331861148000,40.130080,-88.219578,13.76,194.8,180.0,10.0,0.936,1550.0,50.0,7.06
1331861149000,1331861149000,40.129955,-88.219575,13.76,194.9,179.0,10.0,0.900,1550.0,50.0,6.67
1331861150000,1331861150000,40.129828,-88.219569,14.01,194.6,179.0,10.0,0.900,1550.0,50.0,6.67
1331861151000,1331861151000,40.129701,-88.219565,14.20,194.5,178.0,10.0,0.941,1562.5,51.0,6.86
1331861152000,1331861152000,40.129572,-88.219559,14.26,194.5,179.0,10.0,0.946,1568.7,52.0,6.86
1331861153000,1331861153000,40.129441,-88.219551,14.32,194.9,179.0,10.0,0.946,1568.7,52.0,6.86
1331861154000,1331861154000,40.129311,-88.219547,14.45,194.8,178.0,10.0,0.950,1587.5,52.0,6.86
1331861155000,1331861155000,40.129180,-88.219544,14.51,194.7,178.0,10.0,0.918,1575.0,53.0,6.86
1331861156000,1331861156000,40.129046,-88.219543,14.76,195.4,179.0,10.0,0.918,1575.0,53.0,6.86
1331861157000,1331861157000,40.128910,-88.219542,14.89,195.7,179.0,10.0,0.861,1556.2,54.0,6.47
1331861158000,1331861158000,40.128773,-88.219545,14.95,196.5,180.0,10.0,0.721,1512.5,54.0,5.29
1331861159000,1331861159000,40.128636,-88.219546,15.14,196.7,181.0,10.0,0.721,1512.5,54.0,5.29
1331861160000,1331861160000,40.128498,-88.219547,15.14,197.0,181.0,10.0,0.448,1262.5,54.0,3.14
1331861161000,1331861161000,40.128361,-88.219555,14.95,197.7,183.0,10.0,0.326,1187.5,53.0,2.75
1331861162000,1331861162000,40.128226,-88.219560,14.70,198.0,183.0,10.0,0.326,1187.5,53.0,2.75
1331861163000,1331861163000,40.128092,-88.219557,14.64,198.3,180.0,10.0,0.326,1268.7,52.0,3.14
1331861164000,1331861164000,40.127960,-88.219553,14.39,198.7,180.0,10.0,0.298,1187.5,51.0,2.55
1331861165000,1331861165000,40.127830,-88.219552,14.14,199.1,180.0,10.0,0.298,1187.5,51.0,2.55
1331861166000,1331861166000,40.127704,-88.219553,13.82,199.4,180.0,10.0,0.269,1087.5,47.0,2.55
1331861167000,1331861167000,40.127581,-88.219556,13.14,200.1,180.0,10.0,0.269,1087.5,47.0,2.55
1331861168000,1331861168000,40.127469,-88.219562,11.82,200.7,182.0,10.0,0.247,987.5,41.0,2.75
1331861169000,1331861169000,40.127368,-88.219563,10.82,200.8,180.0,10.0,0.417,1100.0,38.0,3.92
1331861170000,1331861170000,40.127271,-88.219559,10.57,201.1,180.0,10.0,0.417,1100.0,38.0,3.92
1331861171000,1331861171000,40.127175,-88.219560,10.57,201.2,181.0,10.0,0.695,1337.5,38.0,5.49
1331861172000,1331861172000,40.127080,-88.219564,10.70,201.5,180.0,10.0,0.855,1443.7,39.0,6.47
1331861173000,1331861173000,40.126979,-88.219568,10.82,202.0,180.0,10.0,0.855,1443.7,39.0,6.47
1331861174000,1331861174000,40.126881,-88.219570,11.07,201.9,178.0,10.0,0.988,1506.2,41.0,7.65
1331861175000,1331861175000,40.126781,-88.219571,11.45,201.5,178.0,10.0,1.052,1556.2,43.0,8.24
1331861176000,1331861176000,40.126677,-88.219569,11.88,200.9,177.0,10.0,1.052,1556.2,43.0,8.24
1331861177000,1331861177000,40.126571,-88.219564,12.45,200.1,177.0,10.0,1.020,1562.5,46.0,8.04
1331861178000,1331861178000,40.126459,-88.219556,12.89,199.2,177.0,10.0,0.672,1400.0,48.0,6.27
1331861179000,1331861179000,40.126342,-88.219548,13.32,198.4,177.0,10.0,0.672,1400.0,48.0,6.27
1331861180000,1331861180000,40.126222,-88.219540,13.45,197.8,178.0,10.0,0.311,1181.2,48.0,3.73
1331861181000,1331861181000,40.126102,-88.219534,13.32,197.3,178.0,10.0,0.436,1250.0,48.0,3.53
1331861182000,1331861182000,40.125982,-88.219531,13.26,196.9,179.0,10.0,0.436,1250.0,48.0,3.53
1331861183000,1331861183000,40.125861,-88.219529,13.26,196.7,179.0,10.0,0.714,1431.2,48.0,5.29
1331861184000,1331861184000,40.125741,-88.219527,13.32,196.4,180.0,10.0,0.646,1381.2,48.0,5.29
1331861185000,1331861185000,40.125619,-88.219526,13.45,196.4,180.0,10.0,0.646,1381.2,48.0,5.29
1331861186000,1331861186000,40.125496,-88.219528,13.39,196.6,180.0,10.0,0.466,1287.5,48.0,3.92
1331861187000,1331861187000,40.125374,-88.219530,13.26,196.9,180.0,10.0,0.484,1300.0,48.0,3.73
1331861188000,1331861188000,40.125254,-88.219531,13.20,197.1,180.0,10.0,0.484,1300.0,48.0,3.73
1331861189000,1331861189000,40.125135,-88.219535,13.14,197.3,180.0,10.0,0.507,1300.0,48.0,4.12
1331861190000,1331861190000,40.125016,-88.219535,13.14,197.5,179.0,10.0,0.507,1300.0,48.0,4.12
1331861191000,1331861191000,40.124897,-88.219533,13.14,197.8,179.0,10.0,0.534,1275.0,48.0,4.31
1331861192000,1331861192000,40.124778,-88.219532,13.14,197.8,180.0,10.0,0.404,1156.2,47.0,3.53
1331861193000,1331861193000,40.124658,-88.219532,13.07,198.1,179.0,10.0,0.404,1156.2,47.0,3.53
1331861194000,1331861194000,40.124539,-88.219535,12.89,198.6,180.0,10.0,0.250,1025.0,46.0,2.75
1331861195000,1331861195000,40.124422,-88.219537,12.76,198.6,181.0,10.0,0.250,1025.0,46.0,2.75
1331861196000,1331861196000,40.124308,-88.219536,12.51,198.4,181.0,10.0,0.237,993.7,45.0,2.94
1331861197000,1331861197000,40.124196,-88.219534,12.45,198.1,180.0,10.0,0.236,1031.2,44.0,2.94
1331861198000,1331861198000,40.124088,-88.219537,12.07,197.6,181.0,10.0,0.236,1031.2,44.0,2.94
1331861199000,1331861199000,40.123980,-88.219536,12.07,197.5,179.0,10.0,0.397,1168.7,44.0,3.73
1331861200000,1331861200000,40.123871,-88.219542,12.13,197.8,181.0,10.0,0.397,1168.7,44.0,3.73
1331861201000,1331861201000,40.123761,-88.219548,12.26,197.7,180.0,10.0,0.552,1281.2,45.0,4.51
1331861202000,1331861202000,40.123648,-88.219553,12.57,197.9,180.0,10.0,0.546,1293.7,46.0,4.31
1331861203000,1331861203000,40.123533,-88.219557,12.57,198.2,181.0,10.0,0.546,1293.7,46.0,4.31
1331861204000,1331861204000,40.123416,-88.219561,12.70,198.6,179.0,10.0,0.548,1300.0,46.0,4.51
1331861205000,1331861205000,40.123301,-88.219560,12.70,198.2,179.0,10.0,0.553,1281.2,46.0,4.71
1331861206000,1331861206000,40.123184,-88.219560,12.95,198.1,178.0,10.0,0.553,1281.2,46.0,4.71
1331861207000,1331861207000,40.123068,-88.219560,12.76,197.9,180.0,10.0,0.414,1181.2,46.0,3.73
1331861208000,1331861208000,40.122952,-88.219560,12.57,197.8,181.0,10.0,0.378,1175.0,46.0,3.53
1331861209000,1331861209000,40.122839,-88.219562,12.45,197.7,182.0,10.0,0.378,1175.0,46.0,3.53
1331861210000,1331861210000,40.122724,-88.219562,12.51,197.7,180.0,10.0,0.510,1268.7,46.0,4.31
1331861211000,1331861211000,40.122610,-88.219562,12.51,197.7,180.0,10.0,0.542,1293.7,46.0,4.31
1331861212000,1331861212000,40.122497,-88.219561,12.57,197.3,181.0,10.0,0.542,1293.7,46.0,4.31
1331861213000,1331861213000,40.122380,-88.219556,12.89,197.4,180.0,10.0,0.544,1300.0,46.0,4.31
1331861214000,1331861214000,40.122264,-88.219545,12.89,196.9,178.0,10.0,0.544,1300.0,46.0,4.31
1331861215000,1331861215000,40.122149,-88.219534,12.89,196.1,177.0,10.0,0.545,1306.2,46.0,4.31
1331861216000,1331861216000,40.122035,-88.219537,12.82,195.5,181.0,10.0,0.578,1331.2,46.0,4.51
1331861217000,1331861217000,40.121920,-88.219536,12.89,194.6,180.0,10.0,0.578,1331.2,46.0,4.51
1331861218000,1331861218000,40.121803,-88.219534,12.95,194.3,178.0,10.0,0.661,1375.0,46.0,5.10
1331861219000,1331861219000,40.121685,-88.219534,12.82,194.1,181.0,10.0,0.712,1400.0,47.0,5.49
1331861220000,1331861220000,40.121569,-88.219528,12.76,193.4,180.0,10.0,0.712,1400.0,47.0,5.49
1331861221000,1331861221000,40.121450,-88.219519,13.01,192.8,180.0,10.0,0.768,1443.7,48.0,5.69
1331861222000,1331861222000,40.121333,-88.219515,12.76,193.1,181.0,10.0,0.871,1506.2,48.0,6.27
1331861223000,1331861223000,40.121218,-88.219512,12.64,193.4,180.0,10.0,0.871,1506.2,48.0,6.27
1331861224000,1331861224000,40.121105,-88.219512,13.01,193.1,181.0,10.0,0.919,1518.7,48.0,6.67
1331861225000,1331861225000,40.120984,-88.219521,13.14,193.5,182.0,10.0,0.598,1300.0,46.0,4.71
1331861226000,1331861226000,40.120865,-88.219526,12.95,193.7,182.0,10.0,0.598,1300.0,46.0,4.71
1331861227000,1331861227000,40.120749,-88.219529,12.38,194.1,181.0,10.0,0.256,993.7,42.0,2.94
1331861228000,1331861228000,40.120640,-88.219530,11.63,194.6,180.0,10.0,0.256,993.7,42.0,2.94
1331861229000,1331861229000,40.120537,-88.219530,10.82,194.9,180.0,10.0,0.236,875.0,37.0,3.14
1331861230000,1331861230000,40.120443,-88.219533,10.01,195.8,180.0,10.0,0.258,850.0,30.0,3.14
1331861231000,1331861231000,40.120364,-88.219531,8.57,195.7,180.0,10.0,0.258,850.0,30.0,3.14
1331861232000,1331861232000,40.120300,-88.219525,7.19,195.3,178.0,10.0,0.273,868.7,21.0,3.14
1331861233000,1331861233000,40.120249,-88.219524,5.57,195.0,180.0,10.0,0.271,793.7,12.0,3.14
1331861234000,1331861234000,40.120211,-88.219529,3.88,195.2,185.0,10.0,0.271,793.7,12.0,3.14
1331861235000,1331861235000,40.120184,-88.219538,2.19,195.5,183.0,10.0,0.271,687.5,4.0,3.14
1331861236000,1331861236000,40.120173,-88.219541,0.94,195.5,182.0,10.0,0.273,693.7,0.0,3.14
1331861237000,1331861237000,40.120176,-88.219541,0.00,195.5,177.0,10.0,0.273,693.7,0.0,3.14
1331861238000,1331861238000,40.120176,-88.219541,0.00,195.5,177.0,10.0,0.273,700.0,0.0,3.14
1331861239000,1331861239000,40.120176,-88.219541,0.00,195.5,177.0,10.0,0.273,700.0,0.0,3.14
1331861240000,1331861240000,40.120176,-88.219541,0.00,195.5,177.0,10.0,0.260,681.2,0.0,2.94
1331861241000,1331861241000,40.120176,-88.219541,0.00,195.5,177.0,10.0,0.252,675.0,0.0,2.75
1331861242000,1331861242000,40.120176,-88.219541,0.00,195.5,177.0,10.0,0.252,675.0,0.0,2.75
1331861243000,1331861243000,40.120176,-88.219541,0.00,195.5,177.0,10.0,0.248,668.7,0.0,2.75
1331861244000,1331861244000,40.120176,-88.219541,0.00,195.5,177.0,10.0,0.238,662.5,0.0,2.75
1331861245000,1331861245000,40.120176,-88.219541,0.00,195.5,177.0,10.0,0.238,662.5,0.0,2.75
1331861246000,1331861246000,40.120176,-88.219541,0.00,195.5,177.0,10.0,0.369,881.2,1.0,3.92
1331861247000,1331861247000,40.120176,-88.219541,0.00,195.5,177.0,10.0,0.711,1343.7,8.0,6.08
1331861248000,1331861248000,40.120173,-88.219528,2.06,196.8,176.0,10.0,0.711,1343.7,8.0,6.08
1331861249000,1331861249000,40.120143,-88.219536,3.44,197.6,178.0,10.0,0.918,1506.2,16.0,6.08
1331861250000,1331861250000,40.120101,-88.219539,4.69,197.8,177.0,10.0,1.011,1550.0,21.0,6.67
1331861251000,1331861251000,40.120049,-88.219532,5.88,197.3,176.0,10.0,1.011,1550.0,21.0,6.67
1331861252000,1331861252000,40.119991,-88.219524,6.57,196.6,178.0,10.0,1.088,1731.2,27.0,8.04
1331861253000,1331861253000,40.119922,-88.219523,7.69,196.6,180.0,10.0,1.051,1687.5,32.0,7.84
1331861254000,1331861254000,40.119844,-88.219522,8.51,196.7,180.0,10.0,1.051,1687.5,32.0,7.84
1331861255000,1331861255000,40.119760,-88.219521,9.19,197.0,181.0,10.0,0.963,1568.7,35.0,7.84
1331861256000,1331861256000,40.119670,-88.219524,9.95,197.1,181.0,10.0,0.963,1568.7,35.0,7.84
1331861257000,1331861257000,40.119575,-88.219531,10.38,196.9,181.0,10.0,0.870,1537.5,38.0,7.06
1331861258000,1331861258000,40.119474,-88.219532,10.88,196.8,180.0,10.0,0.752,1412.5,41.0,6.27
1331861259000,1331861259000,40.119370,-88.219532,11.26,196.8,180.0,10.0,0.752,1412.5,41.0,6.27
1331861260000,1331861260000,40.119264,-88.219531,11.51,196.6,181.0,10.0,0.600,1256.2,42.0,5.49
1331861261000,1331861261000,40.119161,-88.219528,11.63,195.7,180.0,10.0,0.412,1137.5,42.0,3.53
1331861262000,1331861262000,40.119054,-88.219525,11.76,195.3,179.0,10.0,0.412,1137.5,42.0,3.53
1331861263000,1331861263000,40.118944,-88.219522,11.70,195.1,180.0,10.0,0.252,993.7,42.0,2.55
1331861264000,1331861264000,40.118836,-88.219519,11.63,194.9,180.0,10.0,0.222,925.0,42.0,2.75
1331861265000,1331861265000,40.118728,-88.219521,11.45,195.4,181.0,10.0,0.222,925.0,42.0,2.75
1331861266000,1331861266000,40.118621,-88.219519,11.45,195.7,180.0,10.0,0.221,906.2,41.0,2.75
1331861267000,1331861267000,40.118518,-88.219515,11.20,195.1,181.0,10.0,0.221,887.5,40.0,2.75
1331861268000,1331861268000,40.118417,-88.219515,11.07,194.9,182.0,10.0,0.221,887.5,40.0,2.75
1331861269000,1331861269000,40.118316,-88.219510,11.01,194.6,181.0,10.0,0.223,893.7,40.0,2.75
1331861270000,1331861270000,40.118214,-88.219505,11.07,194.6,179.0,10.0,0.223,893.7,40.0,2.75
1331861271000,1331861271000,40.118111,-88.219499,11.01,194.8,179.0,10.0,0.224,893.7,39.0,2.75
1331861272000,1331861272000,40.118011,-88.219492,10.88,194.6,178.0,10.0,0.223,887.5,38.0,2.75
1331861273000,1331861273000,40.117913,-88.219484,10.88,194.2,178.0,10.0,0.223,887.5,38.0,2.75
1331861274000,1331861274000,40.117816,-88.219478,10.76,193.9,178.0,10.0,0.221,887.5,38.0,2.75
1331861275000,1331861275000,40.117720,-88.219473,10.63,193.4,178.0,10.0,0.221,887.5,38.0,2.75
1331861276000,1331861276000,40.117625,-88.219470,10.45,192.9,179.0,10.0,0.220,887.5,38.0,2.75
1331861277000,1331861277000,40.117530,-88.219465,10.38,192.6,178.0,10.0,0.219,881.2,37.0,2.75
1331861278000,1331861278000,40.117437,-88.219459,10.26,192.1,178.0,10.0,0.219,881.2,37.0,2.75
1331861279000,1331861279000,40.117345,-88.219458,9.95,191.9,178.0,10.0,0.219,868.7,36.0,2.75
1331861280000,1331861280000,40.117254,-88.219454,9.88,192.1,178.0,10.0,0.220,831.2,34.0,2.75
1331861281000,1331861281000,40.117167,-88.219450,9.70,191.8,178.0,10.0,0.220,831.2,34.0,2.75
1331861282000,1331861282000,40.117085,-88.219447,8.88,191.8,177.0,10.0,0.244,850.0,29.0,2.75
1331861283000,1331861283000,40.117013,-88.219445,7.76,192.0,179.0,10.0,0.266,912.5,23.0,2.75
1331861284000,1331861284000,40.116951,-88.219447,6.69,192.7,180.0,10.0,0.266,912.5,23.0,2.75
1331861285000,1331861285000,40.116897,-88.219448,5.82,193.1,179.0,10.0,0.269,918.7,17.0,2.75
1331861286000,1331861286000,40.116854,-88.219447,4.50,193.1,178.0,10.0,0.271,825.0,12.0,2.75
1331861287000,1331861287000,40.116819,-88.219448,3.63,193.4,177.0,10.0,0.271,825.0,12.0,2.75
1331861288000,1331861288000,40.116793,-88.219448,2.50,193.6,177.0,10.0,0.274,750.0,8.0,2.75
1331861289000,1331861289000,40.116776,-88.219445,1.81,193.2,177.0,10.0,0.269,775.0,6.0,2.75
1331861290000,1331861290000,40.116762,-88.219444,1.81,192.8,177.0,10.0,0.269,775.0,6.0,2.75
1331861291000,1331861291000,40.116748,-88.219442,1.88,192.6,177.0,10.0,0.264,787.5,6.0,2.75
1331861292000,1331861292000,40.116732,-88.219438,1.94,192.3,176.0,10.0,0.264,787.5,6.0,2.75
1331861293000,1331861293000,40.116719,-88.219430,1.81,191.8,173.0,10.0,0.265,750.0,5.0,2.55
1331861294000,1331861294000,40.116707,-88.219423,1.44,191.8,170.0,10.0,0.268,712.5,4.0,2.55
1331861295000,1331861295000,40.116697,-88.219420,1.13,192.0,170.0,10.0,0.268,712.5,4.0,2.55
1331861296000,1331861296000,40.116686,-88.219415,0.00,192.2,170.0,10.0,0.266,693.7,3.0,2.55
1331861297000,1331861297000,40.116686,-88.219415,0.00,192.2,170.0,10.0,0.252,675.0,1.0,2.55
1331861298000,1331861298000,40.116686,-88.219415,0.00,192.2,170.0,10.0,0.252,675.0,1.0,2.55
1331861299000,1331861299000,40.116686,-88.219415,0.00,192.2,170.0,10.0,0.250,675.0,0.0,2.75
1331861300000,1331861300000,40.116686,-88.219415,0.00,192.2,170.0,10.0,0.249,668.7,0.0,2.75
1331861301000,1331861301000,40.116686,-88.219415,0.00,192.2,170.0,10.0,0.249,668.7,0.0,2.75
1331861302000,1331861302000,40.116686,-88.219415,0.00,192.2,170.0,10.0,0.240,662.5,0.0,2.75
1331861303000,1331861303000,40.116686,-88.219415,0.00,192.2,170.0,10.0,0.240,675.0,0.0,2.75
1331861304000,1331861304000,40.116686,-88.219415,0.00,192.2,170.0,10.0,0.240,675.0,0.0,2.75
1331861305000,1331861305000,40.116686,-88.219415,0.00,192.2,170.0,10.0,0.529,1012.5,2.0,4.51
1331861306000,1331861306000,40.116669,-88.219416,1.69,191.8,174.0,10.0,0.904,1493.7,9.0,6.67
1331861307000,1331861307000,40.116646,-88.219421,3.13,191.7,179.0,10.0,0.904,1493.7,9.0,6.67
1331861308000,1331861308000,40.116613,-88.219422,4.19,191.5,179.0,10.0,1.036,1612.5,17.0,7.65
1331861309000,1331861309000,40.116568,-88.219422,5.19,191.7,179.0,10.0,1.036,1612.5,17.0,7.65
1331861310000,1331861310000,40.116514,-88.219420,6.19,192.0,180.0,10.0,1.105,1637.5,23.0,8.24
1331861311000,1331861311000,40.116453,-88.219419,7.07,192.2,179.0,10.0,1.072,1581.2,28.0,7.65
1331861312000,1331861312000,40.116384,-88.219417,7.82,192.2,180.0,10.0,1.072,1581.2,28.0,7.65
1331861313000,1331861313000,40.116310,-88.219416,8.32,192.3,180.0,10.0,0.950,1475.0,31.0,6.86
1331861314000,1331861314000,40.116231,-88.219417,8.88,192.3,181.0,10.0,0.900,1512.5,33.0,6.67
1331861315000,1331861315000,40.116148,-88.219418,9.32,192.2,180.0,10.0,0.900,1512.5,33.0,6.67
1331861316000,1331861316000,40.116060,-88.219418,9.82,192.2,180.0,10.0,0.906,1556.2,36.0,6.67
1331861317000,1331861317000,40.115967,-88.219418,10.20,192.2,179.0,10.0,0.771,1425.0,38.0,6.08
1331861318000,1331861318000,40.115870,-88.219417,10.57,191.9,179.0,10.0,0.771,1425.0,38.0,6.08
1331861319000,1331861319000,40.115774,-88.219417,10.76,191.9,178.0,10.0,0.638,1275.0,38.0,5.49
1331861320000,1331861320000,40.115676,-88.219421,10.70,191.6,180.0,10.0,0.626,1281.2,39.0,5.29
1331861321000,1331861321000,40.115578,-88.219424,10.82,191.6,179.0,10.0,0.626,1281.2,39.0,5.29
1331861322000,1331861322000,40.115479,-88.219423,10.88,191.6,179.0,10.0,0.469,1162.5,39.0,3.53
1331861323000,1331861323000,40.115379,-88.219427,10.82,191.8,179.0,10.0,0.313,1037.5,38.0,2.55
1331861324000,1331861324000,40.115284,-88.219426,10.63,191.3,178.0,10.0,0.313,1037.5,38.0,2.55
1331861325000,1331861325000,40.115188,-88.219427,10.26,191.3,180.0,10.0,0.294,993.7,37.0,2.75
1331861326000,1331861326000,40.115093,-88.219429,10.07,191.5,181.0,10.0,0.294,993.7,37.0,2.75
1331861327000,1331861327000,40.115001,-88.219425,9.76,191.4,180.0,10.0,0.249,881.2,35.0,2.35
1331861328000,1331861328000,40.114909,-88.219424,9.57,191.5,179.0,10.0,0.243,862.5,31.0,2.35
1331861329000,1331861329000,40.114823,-88.219418,8.76,191.7,179.0,10.0,0.243,862.5,31.0,2.35
1331861330000,1331861330000,40.114748,-88.219412,7.57,191.6,179.0,10.0,0.264,887.5,24.0,2.55
1331861331000,1331861331000,40.114686,-88.219410,6.07,191.3,179.0,10.0,0.268,881.2,17.0,2.75
1331861332000,1331861332000,40.114639,-88.219407,4.63,191.2,178.0,10.0,0.268,881.2,17.0,2.75
1331861333000,1331861333000,40.114601,-88.219400,4.25,190.7,171.0,10.0,0.377,987.5,15.0,4.12
1331861334000,1331861334000,40.114568,-88.219381,4.38,190.3,155.0,10.0,0.377,987.5,15.0,4.12
1331861335000,1331861335000,40.114536,-88.219353,4.44,190.2,144.0,10.0,0.539,1156.2,16.0,4.51
1331861336000,1331861336000,40.114508,-88.219319,4.32,189.9,129.0,10.0,0.690,1343.7,18.0,4.90
1331861337000,1331861337000,40.114485,-88.219271,5.19,189.9,117.0,10.0,0.690,1343.7,18.0,4.90
1331861338000,1331861338000,40.114472,-88.219206,5.75,190.2,100.0,10.0,0.901,1543.7,22.0,6.86
1331861339000,1331861339000,40.114473,-88.219129,6.51,190.3,88.0,10.0,1.023,1687.5,26.0,7.45
1331861340000,1331861340000,40.114478,-88.219041,7.44,190.2,87.0,10.0,1.023,1687.5,26.0,7.45
1331861341000,1331861341000,40.114484,-88.218948,7.82,190.3,88.0,10.0,0.812,1500.0,29.0,7.45
1331861342000,1331861342000,40.114487,-88.218856,8.01,190.3,90.0,10.0,0.493,1193.7,30.0,5.49
1331861343000,1331861343000,40.114488,-88.218759,8.01,189.8,93.0,10.0,0.493,1193.7,30.0,5.49
1331861344000,1331861344000,40.114484,-88.218667,7.63,189.6,94.0,10.0,0.523,1218.7,30.0,4.71
1331861345000,1331861345000,40.114478,-88.218582,6.88,189.6,96.0,10.0,0.523,1218.7,30.0,4.71
1331861346000,1331861346000,40.114469,-88.218493,6.88,189.9,98.0,10.0,0.509,1250.0,30.0,5.29
1331861347000,1331861347000,40.114461,-88.218402,7.63,190.4,101.0,10.0,0.314,1062.5,30.0,3.53
1331861348000,1331861348000,40.114454,-88.218308,7.63,190.5,99.0,10.0,0.314,1062.5,30.0,3.53
1331861349000,1331861349000,40.114451,-88.218219,7.19,190.6,98.0,10.0,0.494,1162.5,30.0,3.92
1331861350000,1331861350000,40.114449,-88.218129,7.19,190.4,95.0,10.0,0.494,1200.0,30.0,3.92
1331861351000,1331861351000,40.114444,-88.218031,7.82,189.9,97.0,10.0,0.494,1200.0,30.0,3.92
1331861352000,1331861352000,40.114434,-88.217934,8.01,189.7,98.0,10.0,0.349,1106.2,30.0,2.75
1331861353000,1331861353000,40.114420,-88.217826,8.63,189.7,100.0,10.0,0.472,1231.2,31.0,3.73
1331861354000,1331861354000,40.114404,-88.217718,8.88,190.0,101.0,10.0,0.472,1231.2,31.0,3.73
1331861355000,1331861355000,40.114390,-88.217618,8.63,190.2,101.0,10.0,0.437,1231.2,32.0,3.73
1331861356000,1331861356000,40.114371,-88.217517,8.51,190.2,101.0,10.0,0.352,1200.0,32.0,3.14
1331861357000,1331861357000,40.114356,-88.217407,8.69,190.4,100.0,10.0,0.352,1200.0,32.0,3.14
1331861358000,1331861358000,40.114345,-88.217299,8.76,190.7,98.0,10.0,0.303,1075.0,32.0,2.75
1331861359000,1331861359000,40.114328,-88.217178,9.07,190.5,100.0,10.0,0.240,887.5,32.0,2.35
1331861360000,1331861360000,40.114310,-88.217050,9.13,191.0,98.0,10.0,0.240,887.5,32.0,2.35
1331861361000,1331861361000,40.114293,-88.216936,8.94,191.0,101.0,10.0,0.244,893.7,32.0,2.35
1331861362000,1331861362000,40.114280,-88.216824,8.88,191.6,98.0,10.0,0.268,950.0,32.0,2.35
1331861363000,1331861363000,40.114268,-88.216720,8.76,191.7,100.0,10.0,0.268,950.0,32.0,2.35
1331861364000,1331861364000,40.114244,-88.216614,8.82,191.1,101.0,10.0,0.271,925.0,32.0,2.35
1331861365000,1331861365000,40.114226,-88.216511,8.76,191.0,99.0,10.0,0.271,925.0,32.0,2.35
1331861366000,1331861366000,40.114208,-88.216407,8.88,191.2,101.0,10.0,0.271,918.7,32.0,2.35
1331861367000,1331861367000,40.114193,-88.216303,8.94,191.5,101.0,10.0,0.267,918.7,31.0,2.35
1331861368000,1331861368000,40.114178,-88.216201,8.82,192.2,103.0,10.0,0.267,918.7,31.0,2.35
1331861369000,1331861369000,40.114160,-88.216104,7.94,192.4,103.0,10.0,0.265,893.7,26.0,2.35
1331861370000,1331861370000,40.114143,-88.216022,6.82,192.2,106.0,10.0,0.266,912.5,18.0,2.35
1331861371000,1331861371000,40.114131,-88.215955,5.00,192.1,104.0,10.0,0.266,912.5,18.0,2.35
1331861372000,1331861372000,40.114128,-88.215913,3.19,192.4,106.0,10.0,0.261,868.7,10.0,2.35
1331861373000,1331861373000,40.114126,-88.215892,1.75,192.2,105.0,10.0,0.335,887.5,7.0,2.35
1331861374000,1331861374000,40.114127,-88.215874,1.75,191.8,101.0,10.0,0.335,887.5,7.0,2.35
1331861375000,1331861375000,40.114121,-88.215844,2.19,191.3,99.0,10.0,0.618,1268.7,10.0,4.31
1331861376000,1331861376000,40.114119,-88.215809,2.94,191.3,97.0,10.0,0.813,1487.5,16.0,6.08
1331861377000,1331861377000,40.114114,-88.215765,3.82,191.2,101.0,10.0,0.813,1487.5,16.0,6.08
1331861378000,1331861378000,40.114102,-88.215712,4.75,190.6,101.0,10.0,0.861,1518.7,22.0,6.27
1331861379000,1331861379000,40.114088,-88.215647,5.50,190.2,100.0,10.0,0.935,1656.2,26.0,6.67
1331861380000,1331861380000,40.114079,-88.215584,5.63,190.0,96.0,10.0,0.935,1656.2,26.0,6.67
1331861381000,1331861381000,40.114072,-88.215515,6.38,190.0,98.0,10.0,0.766,1487.5,30.0,5.88
1331861382000,1331861382000,40.114057,-88.215434,6.82,189.9,100.0,10.0,0.514,1268.7,32.0,4.51
1331861383000,1331861383000,40.114042,-88.215354,7.01,190.0,101.0,10.0,0.514,1268.7,32.0,4.51
1331861384000,1331861384000,40.114023,-88.215251,7.88,189.7,102.0,10.0,0.456,1275.0,33.0,3.92
1331861385000,1331861385000,40.114006,-88.215140,8.63,189.4,103.0,10.0,0.472,1306.2,34.0,3.92
1331861386000,1331861386000,40.113995,-88.215032,8.44,189.7,99.0,10.0,0.472,1306.2,34.0,3.92
1331861387000,1331861387000,40.113983,-88.214917,9.13,189.9,98.0,10.0,0.506,1331.2,34.0,3.92
