1331754053000,1331754053000,40.089818,-88.212126,10.87,196.0,331.2,10.0,0.367,1036.1,39.0,0.13
1331754054000,1331754054000,40.089913,-88.212193,11.16,194.0,330.2,10.0,0.410,1004.5,38.5,0.39
1331754055000,1331754055000,40.090005,-88.212260,10.93,192.0,329.4,10.0,0.428,1009.9,37.7,0.13
1331754056000,1331754056000,40.090086,-88.212320,10.13,192.0,329.8,10.0,0.435,1003.6,35.0,0.20
1331754057000,1331754057000,40.090155,-88.212372,8.67,192.0,328.6,10.0,0.442,974.8,29.3,0.26
1331754058000,1331754058000,40.090208,-88.212424,6.17,191.0,325.4,10.0,0.420,945.2,22.5,0.20
1331754059000,1331754059000,40.090251,-88.212469,4.49,191.0,326.2,10.0,0.420,945.2,22.5,0.20
1331754060000,1331754060000,40.090281,-88.212492,2.72,191.0,327.5,10.0,0.348,832.5,13.5,NaN
1331754061000,1331754061000,40.090281,-88.212492,0.00,191.0,327.5,10.0,0.290,671.7,5.7,0.13
1331754062000,1331754062000,40.090281,-88.212492,0.00,191.0,327.5,10.0,0.284,646.7,5.0,0.20
1331754063000,1331754063000,40.090281,-88.212492,0.00,191.0,327.5,10.0,0.924,1297.5,8.7,8.89
1331754064000,1331754064000,40.090360,-88.212482,3.38,191.0,12.2,10.0,1.393,1765.2,15.0,15.29
1331754065000,1331754065000,40.090394,-88.212449,4.96,190.0,36.2,10.0,1.528,1920.2,19.5,17.25
1331754066000,1331754066000,40.090427,-88.212396,6.29,189.0,51.4,10.0,1.742,2087.0,22.5,19.22
1331754067000,1331754067000,40.090465,-88.212338,6.98,189.0,50.5,10.0,1.677,2101.0,28.0,18.04
1331754068000,1331754068000,40.090506,-88.212262,8.28,189.0,55.5,10.0,1.383,1909.2,32.5,14.90
1331754069000,1331754069000,40.090548,-88.212176,8.69,188.0,56.9,10.0,1.269,1791.5,33.5,14.12
1331754070000,1331754070000,40.090594,-88.212076,9.70,187.0,58.6,10.0,1.249,1803.9,34.5,14.12
1331754071000,1331754071000,40.090632,-88.211984,8.67,188.0,60.6,10.0,1.136,1747.6,35.5,14.12
1331754072000,1331754072000,40.090664,-88.211880,9.04,188.0,68.9,10.0,0.690,1299.7,35.5,7.25
1331754073000,1331754073000,40.090699,-88.211774,9.17,188.0,67.9,10.0,0.385,939.2,34.0,0.39
1331754074000,1331754074000,40.090730,-88.211671,9.09,188.0,69.5,10.0,0.424,971.8,32.0,0.26
1331754075000,1331754075000,40.090758,-88.211572,8.50,188.0,69.2,10.0,0.437,959.4,28.3,0.26
1331754076000,1331754076000,40.090781,-88.211479,7.71,191.0,71.5,10.0,0.407,938.5,23.0,0.20
1331754077000,1331754077000,40.090787,-88.211429,3.54,191.0,86.9,10.0,0.344,842.1,16.3,0.26
1331754078000,1331754078000,40.090796,-88.211389,3.16,194.0,76.4,10.0,0.309,747.9,10.0,0.39
1331754079000,1331754079000,40.090796,-88.211389,0.00,194.0,76.4,10.0,0.295,714.1,6.0,0.39
1331754080000,1331754080000,40.090796,-88.211389,0.00,194.0,76.4,10.0,0.611,1018.1,5.0,4.90
1331754081000,1331754081000,40.090796,-88.211389,0.00,194.0,76.4,10.0,1.297,1646.9,10.0,14.12
1331754082000,1331754082000,40.090850,-88.211306,4.12,184.0,31.2,10.0,1.469,1811.6,16.0,16.47
1331754083000,1331754083000,40.090894,-88.211304,5.09,185.0,6.1,10.0,1.533,1915.7,19.5,17.06
1331754084000,1331754084000,40.090942,-88.211302,5.61,189.0,3.2,10.0,1.693,2119.0,24.7,18.56
1331754085000,1331754085000,40.090982,-88.211298,4.73,189.0,6.0,10.0,1.796,2277.4,29.0,19.22
1331754086000,1331754086000,40.091032,-88.211294,5.59,191.0,6.3,10.0,1.727,2208.2,32.3,18.69
1331754087000,1331754087000,40.091079,-88.211296,6.14,192.0,6.7,10.0,1.381,1864.7,35.0,16.67
1331754088000,1331754088000,40.091132,-88.211299,6.69,193.0,5.0,10.0,1.223,1825.9,37.3,14.12
1331754089000,1331754089000,40.091240,-88.211336,10.36,192.0,347.4,10.0,1.192,1832.6,39.5,12.94
1331754090000,1331754090000,40.091350,-88.211369,10.81,192.0,347.9,10.0,1.175,1848.1,41.0,12.81
1331754091000,1331754091000,40.091465,-88.211400,12.26,191.0,347.2,10.0,1.178,1873.2,42.5,12.55
1331754092000,1331754092000,40.091588,-88.211428,12.66,192.0,347.5,10.0,1.210,1909.1,44.0,12.55
1331754093000,1331754093000,40.091706,-88.211456,11.95,193.0,349.8,10.0,1.222,1919.6,44.5,12.55
1331754094000,1331754094000,40.091826,-88.211480,12.18,193.0,351.2,10.0,0.644,1335.6,45.0,4.18
1331754095000,1331754095000,40.091952,-88.211490,12.50,192.0,354.6,10.0,0.401,1093.2,45.0,0.78
1331754096000,1331754096000,40.092074,-88.211503,12.67,192.0,355.1,10.0,0.629,1296.5,45.5,2.35
1331754097000,1331754097000,40.092191,-88.211516,12.56,192.0,356.5,10.0,0.880,1502.0,46.0,4.90
1331754098000,1331754098000,40.092310,-88.211524,12.89,193.0,357.8,10.0,0.883,1510.5,46.5,7.45
1331754099000,1331754099000,40.092429,-88.211530,13.21,193.0,358.3,10.0,0.562,1247.6,47.0,2.88
1331754100000,1331754100000,40.092549,-88.211538,13.44,195.0,359.3,10.0,0.427,1121.0,47.0,0.39
1331754101000,1331754101000,40.092668,-88.211537,13.12,193.0,1.4,10.0,0.418,1102.0,47.0,0.39
1331754102000,1331754102000,40.092784,-88.211534,12.90,191.0,2.5,10.0,0.417,1100.6,46.5,0.39
1331754103000,1331754103000,40.092899,-88.211529,12.72,189.0,3.4,10.0,0.416,1094.2,45.5,0.39
1331754104000,1331754104000,40.093012,-88.211512,12.41,189.0,6.9,10.0,0.412,1071.8,45.0,0.26
1331754105000,1331754105000,40.093120,-88.211481,12.04,188.0,9.3,10.0,0.410,1066.7,44.5,NaN
1331754106000,1331754106000,40.093224,-88.211445,11.97,187.0,8.5,10.0,0.409,1072.2,44.0,0.20
1331754107000,1331754107000,40.093330,-88.211413,12.17,189.0,9.0,10.0,0.552,1184.2,43.7,2.09
1331754108000,1331754108000,40.093434,-88.211384,11.81,188.0,8.5,10.0,0.859,1469.4,44.0,5.49
1331754109000,1331754109000,40.093537,-88.211363,12.09,187.0,9.2,10.0,0.885,1436.1,44.0,6.01
1331754110000,1331754110000,40.093637,-88.211343,11.47,187.0,9.8,10.0,0.761,1313.1,44.0,4.51
1331754111000,1331754111000,40.093744,-88.211323,12.35,186.0,8.7,10.0,0.761,1313.1,44.0,4.51
1331754112000,1331754112000,40.093847,-88.211309,11.64,185.0,7.8,10.0,0.765,1327.3,44.3,3.66
1331754113000,1331754113000,40.093952,-88.211312,11.40,187.0,359.3,10.0,0.829,1354.7,44.5,4.12
1331754114000,1331754114000,40.094059,-88.211322,11.34,188.0,355.8,10.0,0.828,1169.5,45.0,4.31
1331754115000,1331754115000,40.094156,-88.211338,10.08,187.0,353.4,10.0,0.767,1081.4,45.3,3.53
1331754116000,1331754116000,40.094268,-88.211417,12.75,189.0,329.4,10.0,0.594,1157.7,45.5,1.18
1331754117000,1331754117000,40.094379,-88.211512,12.67,191.0,326.0,10.0,0.486,1173.0,45.0,0.39
1331754118000,1331754118000,40.094468,-88.211636,12.38,194.0,311.9,10.0,0.634,1290.9,45.0,1.76
1331754119000,1331754119000,40.094553,-88.211763,12.75,195.0,310.4,10.0,0.819,1451.9,45.0,3.66
1331754120000,1331754120000,40.094628,-88.211895,12.75,193.0,306.5,10.0,0.943,1438.9,45.0,6.47
1331754121000,1331754121000,40.094696,-88.212026,12.55,193.0,303.5,10.0,1.034,1255.4,45.7,8.37
1331754122000,1331754122000,40.094760,-88.212178,13.70,192.0,300.1,10.0,1.078,1111.2,46.5,10.39
1331754123000,1331754123000,40.094815,-88.212329,13.46,191.0,297.0,10.0,1.134,1135.7,48.0,11.76
1331754124000,1331754124000,40.094866,-88.212498,14.24,191.0,294.1,10.0,1.171,1158.7,49.0,12.55
1331754125000,1331754125000,40.094910,-88.212675,14.12,190.0,291.4,10.0,1.178,1177.0,49.5,12.55
1331754126000,1331754126000,40.094944,-88.212851,14.26,190.0,288.8,10.0,0.800,1212.9,50.3,5.23
1331754127000,1331754127000,40.094973,-88.213023,13.85,189.0,286.8,10.0,0.482,1239.4,50.0,0.20
1331754128000,1331754128000,40.094998,-88.213192,13.93,189.0,284.9,10.0,0.450,1182.7,49.0,0.26
1331754129000,1331754129000,40.095016,-88.213354,13.66,189.0,283.8,10.0,0.432,1151.9,47.5,0.39
1331754130000,1331754130000,40.095031,-88.213507,13.08,189.0,283.3,10.0,0.425,1110.7,46.0,0.39
1331754131000,1331754131000,40.095047,-88.213650,12.41,189.0,284.6,10.0,0.420,1050.2,44.0,0.26
1331754132000,1331754132000,40.095073,-88.213781,11.99,189.0,287.6,10.0,0.420,1038.9,42.5,0.20
1331754133000,1331754133000,40.095102,-88.213906,11.66,190.0,289.3,10.0,0.582,1164.7,41.7,0.39
1331754134000,1331754134000,40.095175,-88.214006,11.36,191.0,315.7,10.0,1.094,1554.4,41.5,5.88
1331754135000,1331754135000,40.095247,-88.214107,11.34,192.0,316.1,10.0,1.174,1665.1,42.7,11.50
1331754136000,1331754136000,40.095326,-88.214199,11.96,194.0,319.3,10.0,0.949,1514.4,43.0,9.80
1331754137000,1331754137000,40.095430,-88.214258,12.05,195.0,337.1,10.0,0.675,1292.0,42.3,2.88
1331754138000,1331754138000,40.095536,-88.214302,11.58,196.0,340.3,10.0,0.646,1287.4,42.5,2.35
1331754139000,1331754139000,40.095654,-88.214305,12.13,196.0,355.8,10.0,0.804,1433.9,43.0,4.12
1331754140000,1331754140000,40.095770,-88.214304,12.07,197.0,357.2,10.0,1.085,1468.8,43.3,8.10
1331754141000,1331754141000,40.095886,-88.214303,12.12,196.0,358.0,10.0,1.243,1320.2,44.5,11.57
1331754142000,1331754142000,40.096006,-88.214297,12.52,197.0,358.9,10.0,1.121,1142.8,46.0,12.55
1331754143000,1331754143000,40.096129,-88.214293,13.30,197.0,358.6,10.0,0.788,1215.1,47.0,6.27
1331754144000,1331754144000,40.096255,-88.214296,13.76,198.0,357.8,10.0,0.519,1269.7,47.0,NaN
1331754145000,1331754145000,40.096372,-88.214299,13.00,198.0,358.8,10.0,0.626,1287.7,47.0,1.57
1331754146000,1331754146000,40.096489,-88.214295,13.18,200.0,359.5,10.0,1.019,1581.5,47.5,6.08
1331754147000,1331754147000,40.096605,-88.214292,13.05,201.0,359.2,10.0,1.102,1587.7,48.7,7.71
1331754148000,1331754148000,40.096729,-88.214290,14.13,202.0,359.7,10.0,1.085,1446.2,49.5,7.45
1331754149000,1331754149000,40.096849,-88.214289,13.63,203.0,360.0,10.0,0.784,1291.4,51.3,4.97
1331754150000,1331754150000,40.096979,-88.214281,14.50,203.0,1.1,10.0,0.493,1268.0,52.0,0.20
1331754151000,1331754151000,40.097105,-88.214238,14.85,200.0,12.1,10.0,0.464,1229.2,52.0,0.39
1331754152000,1331754152000,40.097231,-88.214193,14.94,199.0,11.3,10.0,0.445,1200.9,52.0,0.26
1331754153000,1331754153000,40.097367,-88.214152,15.60,197.0,10.3,10.0,0.430,1182.4,52.0,NaN
1331754154000,1331754154000,40.097485,-88.214143,13.63,197.0,1.5,10.0,0.433,1142.1,52.0,0.20
1331754155000,1331754155000,40.097609,-88.214144,14.18,196.0,358.1,10.0,0.427,1132.7,51.0,0.26
1331754156000,1331754156000,40.097732,-88.214159,13.83,196.0,354.5,10.0,0.428,1142.2,49.5,0.39
1331754157000,1331754157000,40.097851,-88.214186,13.54,196.0,349.8,10.0,0.428,1132.7,47.5,0.20
1331754158000,1331754158000,40.097956,-88.214210,11.98,196.0,355.0,10.0,0.424,1059.0,41.7,NaN
1331754159000,1331754159000,40.098053,-88.214228,10.71,196.0,355.8,10.0,0.423,963.4,33.5,NaN
1331754160000,1331754160000,40.098131,-88.214239,8.59,197.0,356.7,10.0,0.410,908.9,22.7,0.26
1331754161000,1331754161000,40.098195,-88.214245,7.10,197.0,358.0,10.0,0.360,822.6,11.5,0.20
1331754162000,1331754162000,40.098195,-88.214245,0.00,197.0,358.0,10.0,0.325,759.9,6.0,0.20
1331754163000,1331754163000,40.098195,-88.214245,0.00,197.0,358.0,10.0,0.297,711.2,1.7,0.13
1331754164000,1331754164000,40.098195,-88.214245,0.00,197.0,358.0,10.0,0.277,674.0,0.0,NaN
1331754165000,1331754165000,40.098195,-88.214245,0.00,197.0,358.0,10.0,0.262,643.7,0.0,NaN
1331754166000,1331754166000,40.098195,-88.214245,0.00,197.0,358.0,10.0,0.249,620.4,0.0,NaN
1331754167000,1331754167000,40.098195,-88.214245,0.00,197.0,358.0,10.0,0.249,620.4,0.0,NaN
1331754168000,1331754168000,40.098195,-88.214245,0.00,197.0,358.0,10.0,0.243,595.9,0.0,NaN
1331754169000,1331754169000,40.098195,-88.214245,0.00,197.0,358.0,10.0,0.243,607.5,0.0,0.20
1331754170000,1331754170000,40.098195,-88.214245,0.00,197.0,358.0,10.0,0.243,609.6,0.0,0.26
1331754171000,1331754171000,40.098195,-88.214245,0.00,197.0,358.0,10.0,0.243,601.9,0.0,NaN
1331754172000,1331754172000,40.098195,-88.214245,0.00,197.0,358.0,10.0,0.247,588.0,0.0,NaN
1331754173000,1331754173000,40.098195,-88.214245,0.00,197.0,358.0,10.0,0.249,609.6,0.0,0.13
1331754174000,1331754174000,40.098195,-88.214245,0.00,197.0,358.0,10.0,0.248,606.6,0.0,NaN
1331754175000,1331754175000,40.098195,-88.214245,0.00,197.0,358.0,10.0,0.249,616.2,0.0,0.13
1331754176000,1331754176000,40.098195,-88.214245,0.00,197.0,358.0,10.0,0.249,616.7,0.0,NaN
1331754177000,1331754177000,40.098195,-88.214245,0.00,197.0,358.0,10.0,0.250,608.4,0.0,0.20
1331754178000,1331754178000,40.098195,-88.214245,0.00,197.0,358.0,10.0,0.249,605.3,0.0,0.26
1331754179000,1331754179000,40.098195,-88.214245,0.00,197.0,358.0,10.0,0.248,622.9,0.0,0.20
1331754180000,1331754180000,40.098195,-88.214245,0.00,197.0,358.0,10.0,0.248,626.0,0.0,0.39
1331754181000,1331754181000,40.098195,-88.214245,0.00,197.0,358.0,10.0,0.249,609.7,0.0,0.39
1331754182000,1331754182000,40.098195,-88.214245,0.00,197.0,358.0,10.0,0.249,597.9,0.0,0.39
1331754183000,1331754183000,40.098195,-88.214245,0.00,197.0,358.0,10.0,0.247,598.3,0.0,0.39
1331754184000,1331754184000,40.098195,-88.214245,0.00,197.0,358.0,10.0,0.243,584.5,0.0,0.39
1331754185000,1331754185000,40.098195,-88.214245,0.00,197.0,358.0,10.0,0.242,603.0,0.0,0.20
1331754186000,1331754186000,40.098195,-88.214245,0.00,197.0,358.0,10.0,0.244,618.4,0.0,0.13
1331754187000,1331754187000,40.098195,-88.214245,0.00,197.0,358.0,10.0,0.511,995.0,0.0,4.12
1331754188000,1331754188000,40.098195,-88.214245,0.00,197.0,358.0,10.0,0.682,1211.7,2.0,5.10
1331754189000,1331754189000,40.098195,-88.214245,0.00,197.0,358.0,10.0,0.906,1390.6,5.0,7.84
1331754190000,1331754190000,40.098195,-88.214245,0.00,197.0,358.0,10.0,1.054,1530.9,9.0,10.33
1331754191000,1331754191000,40.098195,-88.214245,0.00,197.0,358.0,10.0,1.021,1547.7,13.0,10.20
1331754192000,1331754192000,40.098256,-88.214299,4.17,197.0,312.4,10.0,1.087,1651.6,17.0,10.39
1331754193000,1331754193000,40.098264,-88.214360,5.64,196.0,284.4,10.0,1.405,1919.1,21.5,14.31
1331754194000,1331754194000,40.098272,-88.214432,6.43,197.0,281.1,10.0,1.733,2135.9,24.5,18.04
1331754195000,1331754195000,40.098286,-88.214531,7.84,196.0,281.7,10.0,2.056,2380.2,29.7,21.05
1331754196000,1331754196000,40.098295,-88.214641,9.31,197.0,277.4,10.0,2.191,2427.0,35.3,22.88
1331754197000,1331754197000,40.098288,-88.214775,10.91,198.0,267.1,10.0,2.239,2201.1,39.0,24.12
1331754198000,1331754198000,40.098281,-88.214929,11.83,198.0,266.2,10.0,2.342,2291.8,42.7,24.84
1331754199000,1331754199000,40.098270,-88.215087,12.51,194.0,267.2,10.0,2.320,2335.1,46.0,24.31
1331754200000,1331754200000,40.098260,-88.215246,13.53,193.0,267.5,10.0,2.146,2322.2,49.0,21.70
1331754201000,1331754201000,40.098251,-88.215406,14.12,196.0,267.9,10.0,2.041,2306.7,51.5,19.80
1331754202000,1331754202000,40.098246,-88.215566,14.90,199.0,267.5,10.0,1.910,2106.1,52.3,18.56
1331754203000,1331754203000,40.098240,-88.215736,14.65,199.0,268.0,10.0,1.663,1926.9,54.0,15.69
1331754204000,1331754204000,40.098235,-88.215905,14.68,199.0,267.2,10.0,1.663,1926.9,54.0,15.69
1331754205000,1331754205000,40.098232,-88.216080,15.12,200.0,267.9,10.0,1.014,1612.1,55.0,6.27
1331754206000,1331754206000,40.098232,-88.216265,15.62,197.0,270.3,10.0,0.490,1296.1,53.3,0.39
1331754207000,1331754207000,40.098233,-88.216440,14.39,196.0,269.5,10.0,0.522,1301.0,52.0,1.37
1331754208000,1331754208000,40.098235,-88.216614,14.68,195.0,269.4,10.0,0.770,1482.2,51.3,3.40
1331754209000,1331754209000,40.098235,-88.216776,14.03,193.0,269.7,10.0,0.886,1554.7,51.0,4.31
1331754210000,1331754210000,40.098235,-88.216935,14.15,193.0,270.2,10.0,0.788,1398.7,51.0,2.88
1331754211000,1331754211000,40.098234,-88.217107,14.21,188.0,270.7,10.0,0.518,1248.1,50.5,0.20
1331754212000,1331754212000,40.098235,-88.217278,13.94,186.0,271.4,10.0,0.432,1187.1,49.5,0.39
1331754213000,1331754213000,40.098236,-88.217444,13.48,187.0,270.6,10.0,0.418,1144.3,48.7,0.26
1331754214000,1331754214000,40.098235,-88.217612,13.94,186.0,271.1,10.0,0.409,1124.1,48.5,NaN
1331754215000,1331754215000,40.098234,-88.217772,13.84,188.0,271.5,10.0,0.408,1110.1,48.7,0.13
1331754216000,1331754216000,40.098232,-88.217923,13.35,189.0,270.2,10.0,0.397,1104.1,48.3,0.39
1331754217000,1331754217000,40.098230,-88.218071,13.41,189.0,270.7,10.0,0.400,1091.4,47.5,0.39
1331754218000,1331754218000,40.098230,-88.218219,12.98,189.0,270.1,10.0,0.398,1081.1,46.0,0.39
1331754219000,1331754219000,40.098230,-88.218358,12.01,190.0,269.5,10.0,0.400,1034.9,41.7,0.13
1331754220000,1331754220000,40.098229,-88.218488,10.96,190.0,270.3,10.0,0.403,974.0,36.0,0.20
1331754221000,1331754221000,40.098229,-88.218592,9.36,191.0,269.8,10.0,0.415,942.5,30.5,0.39
1331754222000,1331754222000,40.098230,-88.218672,6.83,194.0,267.7,10.0,0.401,929.2,23.5,0.39
1331754223000,1331754223000,40.098230,-88.218741,6.60,192.0,269.3,10.0,0.338,791.2,13.3,0.26
1331754224000,1331754224000,40.098231,-88.218770,2.59,189.0,276.1,10.0,0.298,698.4,6.0,0.20
1331754225000,1331754225000,40.098231,-88.218770,0.00,189.0,276.1,10.0,0.277,656.9,1.7,0.26
1331754226000,1331754226000,40.098231,-88.218770,0.00,189.0,276.1,10.0,0.264,642.4,0.0,NaN
1331754227000,1331754227000,40.098231,-88.218770,0.00,189.0,276.1,10.0,0.251,623.2,0.0,NaN
1331754228000,1331754228000,40.098231,-88.218770,0.00,189.0,276.1,10.0,0.246,616.5,0.0,NaN
1331754229000,1331754229000,40.098231,-88.218770,0.00,189.0,276.1,10.0,0.419,813.8,0.0,2.09
1331754230000,1331754230000,40.098231,-88.218770,0.00,189.0,276.1,10.0,0.999,1415.4,2.5,9.02
1331754231000,1331754231000,40.098231,-88.218770,0.00,189.0,276.1,10.0,1.271,1689.6,7.0,12.55
1331754232000,1331754232000,40.098223,-88.218852,3.46,190.0,265.9,10.0,1.237,1697.7,13.3,12.42
1331754233000,1331754233000,40.098221,-88.218894,4.44,190.0,267.4,10.0,1.140,1697.9,18.0,11.18
1331754234000,1331754234000,40.098234,-88.218948,5.17,188.0,286.6,10.0,1.198,1776.1,21.0,11.76
1331754235000,1331754235000,40.098268,-88.219013,6.03,190.0,305.4,10.0,1.429,1950.7,24.0,13.73
1331754236000,1331754236000,40.098328,-88.219057,6.45,194.0,335.5,10.0,1.839,2204.6,26.0,18.63
1331754237000,1331754237000,40.098402,-88.219078,7.67,195.0,350.6,10.0,2.190,2415.3,29.0,22.22
1331754238000,1331754238000,40.098489,-88.219092,8.96,196.0,354.2,10.0,2.401,2578.4,32.5,23.53
1331754239000,1331754239000,40.098580,-88.219094,9.72,197.0,357.5,10.0,2.316,2470.0,36.0,23.14
1331754240000,1331754240000,40.098674,-88.219093,10.41,198.0,358.8,10.0,1.930,2117.9,39.0,21.37
1331754241000,1331754241000,40.098775,-88.219090,11.20,200.0,359.5,10.0,1.575,2021.1,41.3,16.34
1331754242000,1331754242000,40.098881,-88.219088,11.91,201.0,358.8,10.0,1.440,2004.4,43.5,13.73
1331754243000,1331754243000,40.098996,-88.219080,12.74,202.0,358.2,10.0,1.435,2021.2,44.5,13.53
1331754244000,1331754244000,40.099117,-88.219075,13.47,200.0,358.6,10.0,1.126,1713.5,45.3,8.50
1331754245000,1331754245000,40.099232,-88.219077,12.61,202.0,358.4,10.0,0.495,1192.4,46.5,NaN
1331754246000,1331754246000,40.099356,-88.219079,13.17,201.0,358.9,10.0,0.419,1120.7,47.0,0.20
1331754247000,1331754247000,40.099477,-88.219082,13.34,202.0,358.4,10.0,0.410,1097.7,46.7,0.26
1331754248000,1331754248000,40.099594,-88.219080,12.97,201.0,357.9,10.0,0.408,1083.4,46.5,NaN
1331754249000,1331754249000,40.099709,-88.219077,13.08,200.0,358.3,10.0,0.404,1083.2,46.3,NaN
1331754250000,1331754250000,40.099821,-88.219076,12.17,200.0,359.7,10.0,0.402,1098.0,46.0,0.20
1331754251000,1331754251000,40.099938,-88.219076,12.71,200.0,359.1,10.0,0.401,1077.2,44.3,0.26
1331754252000,1331754252000,40.100049,-88.219076,11.64,201.0,359.6,10.0,0.400,1012.5,40.0,NaN
1331754253000,1331754253000,40.100156,-88.219077,10.36,201.0,359.5,10.0,0.407,975.0,36.0,NaN
1331754254000,1331754254000,40.100237,-88.219079,8.81,199.0,358.9,10.0,0.420,955.7,29.7,0.13
1331754255000,1331754255000,40.100308,-88.219081,7.98,199.0,358.3,10.0,0.394,942.1,24.0,0.20
1331754256000,1331754256000,40.100373,-88.219099,8.02,199.0,349.9,10.0,0.344,853.5,19.0,0.20
1331754257000,1331754257000,40.100401,-88.219096,3.34,197.0,357.1,10.0,0.298,719.0,10.7,0.26
1331754258000,1331754258000,40.100401,-88.219096,0.00,197.0,357.1,10.0,0.275,690.5,5.0,0.39
1331754259000,1331754259000,40.100401,-88.219096,0.00,197.0,357.1,10.0,0.267,655.6,3.0,0.20
1331754260000,1331754260000,40.100401,-88.219096,0.00,197.0,357.1,10.0,0.253,632.3,0.7,NaN
1331754261000,1331754261000,40.100401,-88.219096,0.00,197.0,357.1,10.0,0.245,619.4,0.0,NaN
1331754262000,1331754262000,40.100401,-88.219096,0.00,197.0,357.1,10.0,0.245,632.7,0.0,NaN
1331754263000,1331754263000,40.100401,-88.219096,0.00,197.0,357.1,10.0,0.959,1373.2,3.7,8.89
1331754264000,1331754264000,40.100401,-88.219096,0.00,197.0,357.1,10.0,1.595,1863.5,11.0,16.47
1331754265000,1331754265000,40.100475,-88.219089,3.70,214.0,9.1,10.0,1.715,1990.3,18.3,17.91
1331754266000,1331754266000,40.100520,-88.219080,4.58,213.0,8.7,10.0,1.881,2186.9,25.0,19.41
1331754267000,1331754267000,40.100569,-88.219064,5.45,211.0,13.8,10.0,2.017,2326.6,28.5,20.39
1331754268000,1331754268000,40.100637,-88.219063,7.52,214.0,2.6,10.0,1.855,2312.7,32.7,19.22
1331754269000,1331754269000,40.100718,-88.219065,8.93,211.0,358.0,10.0,1.652,2044.1,36.0,18.43
1331754270000,1331754270000,40.100804,-88.219067,9.72,210.0,357.5,10.0,1.762,2059.1,38.5,19.22
1331754271000,1331754271000,40.100896,-88.219065,10.47,211.0,359.2,10.0,1.872,2134.5,41.5,19.80
1331754272000,1331754272000,40.100999,-88.219064,11.53,211.0,358.3,10.0,1.852,2166.0,44.0,19.22
1331754273000,1331754273000,40.101128,-88.219064,13.61,210.0,357.9,10.0,1.778,2174.2,47.0,18.30
1331754274000,1331754274000,40.101252,-88.219068,13.26,210.0,358.3,10.0,1.224,1839.5,49.0,10.39
1331754275000,1331754275000,40.101380,-88.219074,13.78,209.0,359.2,10.0,0.845,1494.6,50.0,4.84
1331754276000,1331754276000,40.101515,-88.219081,14.13,208.0,358.7,10.0,0.563,1250.4,51.5,2.55
1331754277000,1331754277000,40.101658,-88.219092,15.04,209.0,358.1,10.0,0.563,1250.4,51.5,2.55
1331754278000,1331754278000,40.101792,-88.219099,14.44,203.0,359.1,10.0,0.403,1118.1,51.0,0.26
1331754279000,1331754279000,40.101920,-88.219104,13.76,201.0,358.7,10.0,0.401,1110.4,49.5,0.20
1331754280000,1331754280000,40.102041,-88.219103,13.37,199.0,359.7,10.0,0.400,1101.7,47.7,0.26
1331754281000,1331754281000,40.102164,-88.219109,12.71,198.0,358.8,10.0,0.395,1074.9,46.0,0.39
1331754282000,1331754282000,40.102291,-88.219116,13.16,198.0,358.8,10.0,0.396,1079.2,46.0,0.13
1331754283000,1331754283000,40.102417,-88.219121,13.37,196.0,358.8,10.0,0.530,1223.0,46.0,1.57
1331754284000,1331754284000,40.102540,-88.219127,13.13,196.0,358.4,10.0,0.648,1351.0,46.5,1.96
1331754285000,1331754285000,40.102656,-88.219130,13.28,194.0,359.0,10.0,0.543,1263.2,47.5,0.39
1331754286000,1331754286000,40.102776,-88.219134,13.44,194.0,358.6,10.0,0.445,1141.8,48.0,0.52
1331754287000,1331754287000,40.102893,-88.219137,13.46,196.0,357.6,10.0,0.419,1111.7,48.0,0.59
1331754288000,1331754288000,40.103012,-88.219144,13.50,196.0,357.1,10.0,0.407,1096.3,48.0,0.39
1331754289000,1331754289000,40.103132,-88.219152,13.52,196.0,356.9,10.0,0.404,1103.9,47.5,0.39
1331754290000,1331754290000,40.103257,-88.219159,13.70,197.0,357.7,10.0,0.404,1107.1,47.5,0.20
1331754291000,1331754291000,40.103374,-88.219161,13.12,195.0,359.2,10.0,0.402,1089.1,48.0,0.13
1331754292000,1331754292000,40.103495,-88.219157,13.44,198.0,359.3,10.0,0.401,1069.4,46.3,0.26
1331754293000,1331754293000,40.103603,-88.219149,12.80,197.0,0.1,10.0,0.401,1030.7,40.5,0.39
1331754294000,1331754294000,40.103701,-88.219144,11.20,188.0,0.5,10.0,0.401,1030.7,40.5,0.39
1331754295000,1331754295000,40.103788,-88.219140,10.37,185.0,0.9,10.0,0.410,994.6,36.3,0.26
1331754296000,1331754296000,40.103874,-88.219143,10.03,183.0,359.7,10.0,0.417,1008.0,36.0,0.20
1331754297000,1331754297000,40.103956,-88.219145,9.85,184.0,358.9,10.0,0.789,1276.7,37.0,3.92
1331754298000,1331754298000,40.104048,-88.219145,10.88,183.0,359.3,10.0,1.204,1663.6,38.5,10.98
1331754299000,1331754299000,40.104145,-88.219150,10.98,182.0,359.9,10.0,1.344,1753.7,40.3,12.81
1331754300000,1331754300000,40.104247,-88.219151,11.89,182.0,0.5,10.0,1.409,1805.0,42.5,13.73
1331754301000,1331754301000,40.104358,-88.219149,11.82,184.0,0.7,10.0,1.020,1545.0,43.5,6.86
1331754302000,1331754302000,40.104467,-88.219149,11.35,186.0,0.3,10.0,0.520,1180.3,44.0,0.13
1331754303000,1331754303000,40.104575,-88.219150,11.34,187.0,0.8,10.0,0.444,1112.1,44.0,0.20
1331754304000,1331754304000,40.104697,-88.219158,12.63,190.0,357.7,10.0,0.555,1193.7,44.0,1.57
1331754305000,1331754305000,40.104815,-88.219164,12.94,189.0,357.2,10.0,0.996,1535.1,44.7,7.06
1331754306000,1331754306000,40.104934,-88.219169,13.11,189.0,358.4,10.0,1.172,1675.1,46.0,9.02
1331754307000,1331754307000,40.105051,-88.219172,12.88,189.0,359.2,10.0,1.005,1568.0,46.5,6.08
1331754308000,1331754308000,40.105173,-88.219172,13.23,194.0,359.9,10.0,0.651,1333.5,47.0,1.31
1331754309000,1331754309000,40.105290,-88.219170,13.25,196.0,359.1,10.0,0.479,1198.1,46.5,0.20
1331754310000,1331754310000,40.105411,-88.219173,13.15,195.0,359.6,10.0,0.451,1138.1,46.0,NaN
1331754311000,1331754311000,40.105530,-88.219172,13.18,194.0,0.3,10.0,0.434,1104.2,45.5,0.20
1331754312000,1331754312000,40.105646,-88.219169,13.22,195.0,1.3,10.0,0.422,1078.2,44.7,0.13
1331754313000,1331754313000,40.105749,-88.219165,12.34,198.0,0.8,10.0,0.415,1049.7,44.0,0.20
1331754314000,1331754314000,40.105853,-88.219165,12.35,198.0,0.1,10.0,0.779,1338.0,44.0,4.58
1331754315000,1331754315000,40.105960,-88.219167,12.32,198.0,359.3,10.0,1.350,1764.9,44.5,11.76
1331754316000,1331754316000,40.106071,-88.219170,12.90,197.0,358.0,10.0,1.239,1700.0,46.3,12.03
1331754317000,1331754317000,40.106191,-88.219175,13.18,197.0,357.3,10.0,0.597,1303.9,47.0,4.71
1331754318000,1331754318000,40.106304,-88.219181,12.89,197.0,357.6,10.0,0.459,1148.7,46.3,0.26
1331754319000,1331754319000,40.106411,-88.219187,11.94,197.0,358.0,10.0,0.438,1106.0,43.5,0.20
1331754320000,1331754320000,40.106522,-88.219195,11.61,196.0,359.3,10.0,0.429,1018.8,37.3,0.39
1331754321000,1331754321000,40.106607,-88.219201,9.05,197.0,359.2,10.0,0.426,938.2,29.5,0.20
1331754322000,1331754322000,40.106676,-88.219207,7.18,199.0,357.4,10.0,0.399,936.6,26.0,NaN
1331754323000,1331754323000,40.106742,-88.219211,6.81,200.0,358.6,10.0,0.334,887.7,22.7,0.26
1331754324000,1331754324000,40.106800,-88.219213,5.80,201.0,359.1,10.0,0.294,755.6,18.5,0.20
1331754325000,1331754325000,40.106842,-88.219214,4.23,199.0,0.8,10.0,0.280,678.6,14.5,NaN
1331754326000,1331754326000,40.106842,-88.219214,0.00,199.0,0.8,10.0,0.268,637.0,7.3,0.13
1331754327000,1331754327000,40.106842,-88.219214,0.00,199.0,0.8,10.0,0.677,1063.9,5.0,6.27
1331754328000,1331754328000,40.106842,-88.219214,0.00,199.0,0.8,10.0,1.253,1641.0,8.0,13.92
1331754329000,1331754329000,40.106913,-88.219209,3.15,195.0,6.4,10.0,1.563,1825.4,12.5,16.67
1331754330000,1331754330000,40.106957,-88.219205,5.01,196.0,4.2,10.0,1.831,2067.7,21.0,19.87
1331754331000,1331754331000,40.107004,-88.219200,5.43,197.0,3.7,10.0,1.893,2152.1,24.0,20.78
1331754332000,1331754332000,40.107073,-88.219205,7.73,196.0,355.5,10.0,1.855,2323.7,29.7,20.13
1331754333000,1331754333000,40.107147,-88.219208,7.91,196.0,356.4,10.0,1.323,1970.2,33.0,15.29
1331754334000,1331754334000,40.107233,-88.219209,9.35,196.0,357.1,10.0,0.830,1565.4,34.5,9.80
1331754335000,1331754335000,40.107320,-88.219212,9.72,196.0,357.7,10.0,1.079,1718.0,35.5,11.57
1331754336000,1331754336000,40.107411,-88.219217,10.23,196.0,358.0,10.0,1.289,1861.6,38.0,14.25
1331754337000,1331754337000,40.107512,-88.219220,11.23,195.0,358.7,10.0,1.133,1821.9,40.5,13.73
1331754338000,1331754338000,40.107619,-88.219226,11.44,195.0,358.2,10.0,0.658,1370.1,41.5,6.27
1331754339000,1331754339000,40.107726,-88.219232,11.55,195.0,358.3,10.0,0.369,999.0,42.0,0.13
1331754340000,1331754340000,40.107833,-88.219236,11.65,195.0,358.8,10.0,0.386,1049.5,42.0,NaN
1331754341000,1331754341000,40.107948,-88.219241,11.84,194.0,359.2,10.0,0.394,1053.4,42.0,0.20
1331754342000,1331754342000,40.108059,-88.219243,11.84,195.0,359.9,10.0,0.400,1049.2,42.0,0.13
1331754343000,1331754343000,40.108172,-88.219245,11.59,197.0,359.9,10.0,0.401,1035.4,41.0,0.20
1331754344000,1331754344000,40.108279,-88.219249,11.06,199.0,359.6,10.0,0.407,990.3,37.3,0.26
1331754345000,1331754345000,40.108371,-88.219253,9.83,199.0,359.1,10.0,0.417,970.6,33.0,0.20
1331754346000,1331754346000,40.108449,-88.219249,8.40,197.0,359.5,10.0,0.421,960.8,28.3,0.26
1331754347000,1331754347000,40.108519,-88.219246,7.32,197.0,359.0,10.0,0.393,924.0,23.0,0.20
1331754348000,1331754348000,40.108573,-88.219245,5.44,197.0,359.4,10.0,0.330,810.1,17.0,0.26
1331754349000,1331754349000,40.108613,-88.219244,4.03,196.0,358.9,10.0,0.293,749.4,12.5,0.20
1331754350000,1331754350000,40.108641,-88.219243,2.78,195.0,359.8,10.0,0.276,736.8,9.0,0.26
1331754351000,1331754351000,40.108641,-88.219243,0.00,195.0,359.8,10.0,0.271,710.2,8.0,0.39
1331754352000,1331754352000,40.108641,-88.219243,0.00,195.0,359.8,10.0,0.260,642.1,3.5,0.20
1331754353000,1331754353000,40.108641,-88.219243,0.00,195.0,359.8,10.0,0.251,619.1,0.0,NaN
1331754354000,1331754354000,40.108641,-88.219243,0.00,195.0,359.8,10.0,0.247,624.9,0.0,NaN
1331754355000,1331754355000,40.108641,-88.219243,0.00,195.0,359.8,10.0,0.245,615.2,0.0,NaN
1331754356000,1331754356000,40.108641,-88.219243,0.00,195.0,359.8,10.0,0.411,794.1,0.0,1.96
1331754357000,1331754357000,40.108641,-88.219243,0.00,195.0,359.8,10.0,1.024,1431.2,3.0,9.02
1331754358000,1331754358000,40.108663,-88.219237,2.36,192.0,1.5,10.0,1.340,1729.5,8.5,12.75
1331754359000,1331754359000,40.108691,-88.219235,4.06,192.0,3.0,10.0,1.409,1794.7,13.5,13.92
1331754360000,1331754360000,40.108736,-88.219231,5.48,191.0,2.4,10.0,1.481,1939.0,20.3,14.64
1331754361000,1331754361000,40.108794,-88.219231,6.53,192.0,0.1,10.0,1.493,2070.9,25.5,14.71
1331754362000,1331754362000,40.108865,-88.219231,8.04,192.0,0.8,10.0,1.431,2066.2,28.0,13.92
1331754363000,1331754363000,40.108941,-88.219232,8.37,193.0,0.2,10.0,1.379,1884.1,31.0,13.33
1331754364000,1331754364000,40.109025,-88.219234,9.20,193.0,359.7,10.0,1.334,1830.1,34.0,13.14
1331754365000,1331754365000,40.109114,-88.219235,9.79,193.0,358.9,10.0,1.308,1850.0,36.3,12.94
1331754366000,1331754366000,40.109213,-88.219237,10.97,193.0,359.5,10.0,1.319,1886.3,39.3,12.94
1331754367000,1331754367000,40.109318,-88.219239,11.29,193.0,358.9,10.0,1.365,1933.7,41.5,12.55
1331754368000,1331754368000,40.109431,-88.219240,12.18,194.0,359.2,10.0,1.007,1687.5,43.3,7.32
1331754369000,1331754369000,40.109548,-88.219243,12.76,195.0,360.0,10.0,0.507,1194.7,44.0,NaN
1331754370000,1331754370000,40.109662,-88.219243,12.58,195.0,0.3,10.0,0.439,1087.6,41.5,0.20
1331754371000,1331754371000,40.109764,-88.219244,11.48,193.0,359.8,10.0,0.424,1023.0,37.5,0.39
1331754372000,1331754372000,40.109850,-88.219246,9.91,192.0,359.3,10.0,0.427,990.6,34.5,0.39
1331754373000,1331754373000,40.109927,-88.219250,8.70,191.0,358.8,10.0,0.428,958.3,29.7,0.39
1331754374000,1331754374000,40.109990,-88.219249,6.87,188.0,0.2,10.0,0.396,944.6,24.5,0.20
1331754375000,1331754375000,40.110046,-88.219249,6.59,186.0,359.2,10.0,0.334,885.2,21.7,0.13
1331754376000,1331754376000,40.110098,-88.219250,5.54,188.0,359.2,10.0,0.296,763.6,19.0,0.20
1331754377000,1331754377000,40.110141,-88.219252,4.60,187.0,358.4,10.0,0.276,704.0,15.7,0.13
1331754378000,1331754378000,40.110172,-88.219253,3.43,187.0,360.0,10.0,0.266,710.6,11.5,0.20
1331754379000,1331754379000,40.110198,-88.219254,2.79,187.0,359.5,10.0,0.263,685.2,8.0,0.39
1331754380000,1331754380000,40.110198,-88.219254,0.00,187.0,359.5,10.0,0.258,617.2,3.3,0.13
1331754381000,1331754381000,40.110198,-88.219254,0.00,187.0,359.5,10.0,0.249,608.2,0.3,0.13
1331754382000,1331754382000,40.110198,-88.219254,0.00,187.0,359.5,10.0,0.247,612.9,0.0,NaN
1331754383000,1331754383000,40.110198,-88.219254,0.00,187.0,359.5,10.0,0.245,626.5,0.0,NaN
1331754384000,1331754384000,40.110198,-88.219254,0.00,187.0,359.5,10.0,0.242,618.1,0.0,NaN
1331754385000,1331754385000,40.110198,-88.219254,0.00,187.0,359.5,10.0,0.239,615.2,0.0,0.13
1331754386000,1331754386000,40.110198,-88.219254,0.00,187.0,359.5,10.0,0.239,626.0,0.0,0.39
1331754387000,1331754387000,40.110198,-88.219254,0.00,187.0,359.5,10.0,0.240,607.3,0.0,0.39
1331754388000,1331754388000,40.110198,-88.219254,0.00,187.0,359.5,10.0,0.240,606.1,0.0,0.20
1331754389000,1331754389000,40.110198,-88.219254,0.00,187.0,359.5,10.0,0.239,608.9,0.0,0.13
1331754390000,1331754390000,40.110198,-88.219254,0.00,187.0,359.5,10.0,0.239,599.6,0.0,0.39
1331754391000,1331754391000,40.110198,-88.219254,0.00,187.0,359.5,10.0,0.239,608.3,0.0,0.13
1331754392000,1331754392000,40.110198,-88.219254,0.00,187.0,359.5,10.0,0.239,607.4,0.0,NaN
1331754393000,1331754393000,40.110198,-88.219254,0.00,187.0,359.5,10.0,0.240,604.0,0.0,0.20
1331754394000,1331754394000,40.110198,-88.219254,0.00,187.0,359.5,10.0,0.240,602.4,0.0,0.39
1331754395000,1331754395000,40.110198,-88.219254,0.00,187.0,359.5,10.0,0.240,605.5,0.0,0.26
1331754396000,1331754396000,40.110198,-88.219254,0.00,187.0,359.5,10.0,0.240,603.1,0.0,0.39
1331754397000,1331754397000,40.110198,-88.219254,0.00,187.0,359.5,10.0,0.240,604.1,0.0,0.20
1331754398000,1331754398000,40.110198,-88.219254,0.00,187.0,359.5,10.0,0.247,647.2,0.0,0.13
1331754399000,1331754399000,40.110198,-88.219254,0.00,187.0,359.5,10.0,0.263,684.4,0.5,0.39
1331754400000,1331754400000,40.110198,-88.219254,0.00,187.0,359.5,10.0,0.264,675.7,1.0,0.20
1331754401000,1331754401000,40.110198,-88.219254,0.00,187.0,359.5,10.0,0.253,638.1,1.0,0.20
1331754402000,1331754402000,40.110198,-88.219254,0.00,187.0,359.5,10.0,0.245,608.9,0.5,0.39
1331754403000,1331754403000,40.110198,-88.219254,0.00,187.0,359.5,10.0,0.246,607.2,0.0,0.13
1331754404000,1331754404000,40.110198,-88.219254,0.00,187.0,359.5,10.0,0.246,613.9,0.0,0.20
1331754405000,1331754405000,40.110198,-88.219254,0.00,187.0,359.5,10.0,0.246,613.9,0.0,0.20
1331754406000,1331754406000,40.110198,-88.219254,0.00,187.0,359.5,10.0,0.246,610.8,0.0,0.26
1331754407000,1331754407000,40.110198,-88.219254,0.00,187.0,359.5,10.0,0.246,600.2,0.0,NaN
1331754408000,1331754408000,40.110198,-88.219254,0.00,187.0,359.5,10.0,0.246,611.6,0.0,NaN
1331754409000,1331754409000,40.110198,-88.219254,0.00,187.0,359.5,10.0,0.246,613.2,0.0,NaN
1331754410000,1331754410000,40.110198,-88.219254,0.00,187.0,359.5,10.0,0.246,609.5,0.0,0.20
1331754411000,1331754411000,40.110198,-88.219254,0.00,187.0,359.5,10.0,0.247,626.0,0.0,0.39
1331754412000,1331754412000,40.110198,-88.219254,0.00,187.0,359.5,10.0,0.241,609.2,0.0,0.26
1331754413000,1331754413000,40.110198,-88.219254,0.00,187.0,359.5,10.0,0.238,612.4,0.0,0.20
1331754414000,1331754414000,40.110198,-88.219254,0.00,187.0,359.5,10.0,0.239,606.1,0.0,0.20
1331754415000,1331754415000,40.110198,-88.219254,0.00,187.0,359.5,10.0,0.240,591.7,0.0,0.13
1331754416000,1331754416000,40.110198,-88.219254,0.00,187.0,359.5,10.0,0.240,607.2,0.0,0.20
1331754417000,1331754417000,40.110198,-88.219254,0.00,187.0,359.5,10.0,0.240,601.0,0.0,0.13
1331754418000,1331754418000,40.110198,-88.219254,0.00,187.0,359.5,10.0,0.239,606.5,0.0,0.20
1331754419000,1331754419000,40.110198,-88.219254,0.00,187.0,359.5,10.0,0.243,614.0,0.0,0.20
1331754420000,1331754420000,40.110198,-88.219254,0.00,187.0,359.5,10.0,0.246,612.5,0.0,0.13
1331754421000,1331754421000,40.110198,-88.219254,0.00,187.0,359.5,10.0,0.307,651.0,0.0,0.20
1331754422000,1331754422000,40.110198,-88.219254,0.00,187.0,359.5,10.0,0.825,1265.3,3.3,7.06
1331754423000,1331754423000,40.110198,-88.219254,0.00,187.0,359.5,10.0,1.284,1686.0,9.0,13.33
1331754424000,1331754424000,40.110245,-88.219264,3.73,179.0,357.3,10.0,1.463,1817.9,14.7,15.16
1331754425000,1331754425000,40.110292,-88.219267,5.11,178.0,358.6,10.0,1.518,1938.2,20.0,15.69
1331754426000,1331754426000,40.110347,-88.219270,5.86,178.0,357.8,10.0,1.453,2005.9,23.5,15.29
1331754427000,1331754427000,40.110413,-88.219272,7.42,177.0,358.1,10.0,1.276,1912.7,26.7,13.33
1331754428000,1331754428000,40.110477,-88.219279,7.87,174.0,358.9,10.0,1.209,1696.7,29.0,12.55
1331754429000,1331754429000,40.110551,-88.219290,8.85,172.0,355.5,10.0,0.926,1541.7,31.0,8.37
1331754430000,1331754430000,40.110630,-88.219298,9.41,173.0,356.6,10.0,0.423,1210.6,32.0,0.20
1331754431000,1331754431000,40.110711,-88.219301,9.17,173.0,357.2,10.0,0.603,1355.5,33.0,3.01
1331754432000,1331754432000,40.110799,-88.219306,9.86,172.0,358.2,10.0,0.890,1585.1,35.0,7.45
1331754433000,1331754433000,40.110888,-88.219313,10.15,175.0,358.6,10.0,1.048,1711.9,36.5,10.00
1331754434000,1331754434000,40.110983,-88.219321,10.67,175.0,357.8,10.0,1.178,1804.5,38.7,11.24
1331754435000,1331754435000,40.111078,-88.219329,11.09,176.0,356.9,10.0,1.217,1866.6,40.5,12.75
1331754436000,1331754436000,40.111178,-88.219340,11.85,176.0,357.6,10.0,1.215,1811.8,42.3,12.42
1331754437000,1331754437000,40.111287,-88.219346,12.46,177.0,358.8,10.0,1.137,1658.4,43.5,10.59
1331754438000,1331754438000,40.111393,-88.219350,11.77,180.0,358.7,10.0,0.883,1492.0,44.7,6.14
1331754439000,1331754439000,40.111508,-88.219360,13.21,178.0,356.3,10.0,0.489,1179.1,45.0,0.20
1331754440000,1331754440000,40.111620,-88.219369,12.57,180.0,357.5,10.0,0.416,1068.2,44.3,0.39
1331754441000,1331754441000,40.111738,-88.219362,12.37,183.0,0.2,10.0,0.405,1051.4,43.5,0.20
1331754442000,1331754442000,40.111864,-88.219355,12.55,189.0,359.4,10.0,0.402,1034.5,42.7,NaN
1331754443000,1331754443000,40.111977,-88.219349,11.82,191.0,0.2,10.0,0.402,1024.1,41.0,0.20
1331754444000,1331754444000,40.112085,-88.219346,10.88,192.0,359.8,10.0,0.401,1019.2,39.5,0.39
1331754445000,1331754445000,40.112189,-88.219345,11.06,192.0,0.2,10.0,0.400,1006.9,38.7,0.26
1331754446000,1331754446000,40.112286,-88.219352,10.64,189.0,356.1,10.0,0.402,969.5,37.0,0.39
1331754447000,1331754447000,40.112372,-88.219353,9.44,189.0,355.3,10.0,0.407,940.4,33.7,0.26
1331754448000,1331754448000,40.112452,-88.219355,9.03,190.0,357.1,10.0,0.415,939.7,31.5,0.20
1331754449000,1331754449000,40.112531,-88.219359,8.30,192.0,356.5,10.0,0.419,939.7,29.7,0.13
1331754450000,1331754450000,40.112607,-88.219370,7.02,191.0,352.8,10.0,0.419,931.9,29.0,NaN
1331754451000,1331754451000,40.112671,-88.219373,6.37,193.0,352.9,10.0,0.377,901.0,26.3,0.26
1331754452000,1331754452000,40.112736,-88.219409,7.05,195.0,330.0,10.0,0.587,1173.6,25.0,4.31
1331754453000,1331754453000,40.112778,-88.219455,7.00,191.0,314.2,10.0,0.887,1465.0,26.0,8.82
1331754454000,1331754454000,40.112809,-88.219526,7.48,188.0,297.0,10.0,1.061,1566.9,27.5,10.59
1331754455000,1331754455000,40.112824,-88.219617,8.29,190.0,278.3,10.0,1.504,1830.0,30.0,15.42
1331754456000,1331754456000,40.112830,-88.219720,9.00,186.0,275.6,10.0,1.799,2018.1,33.5,19.61
1331754457000,1331754457000,40.112830,-88.219835,10.09,188.0,273.4,10.0,1.475,1918.1,36.7,16.47
1331754458000,1331754458000,40.112829,-88.219957,10.67,191.0,271.2,10.0,0.945,1698.2,38.5,9.22
1331754459000,1331754459000,40.112832,-88.220096,10.85,191.0,270.4,10.0,0.768,1563.4,39.5,6.67
1331754460000,1331754460000,40.112830,-88.220237,11.26,190.0,269.4,10.0,0.560,1248.5,40.3,3.92
1331754461000,1331754461000,40.112826,-88.220371,11.51,190.0,268.1,10.0,0.484,1126.0,41.0,0.98
1331754462000,1331754462000,40.112822,-88.220506,11.37,190.0,268.7,10.0,0.476,1105.2,40.7,1.05
1331754463000,1331754463000,40.112821,-88.220652,11.70,189.0,269.4,10.0,0.675,1290.2,41.0,3.92
1331754464000,1331754464000,40.112820,-88.220795,11.88,187.0,268.9,10.0,0.635,1320.4,41.0,3.33
1331754465000,1331754465000,40.112818,-88.220924,11.55,186.0,268.2,10.0,0.472,1117.1,40.7,1.18
1331754466000,1331754466000,40.112815,-88.221051,11.31,185.0,267.7,10.0,0.430,1040.2,40.0,0.98
1331754467000,1331754467000,40.112809,-88.221181,11.57,186.0,266.7,10.0,0.417,1029.8,40.0,0.78
1331754468000,1331754468000,40.112804,-88.221309,11.39,187.0,267.1,10.0,0.469,1088.6,40.0,1.76
1331754469000,1331754469000,40.112797,-88.221433,11.05,187.0,265.7,10.0,0.578,1229.5,40.5,1.96
1331754470000,1331754470000,40.112791,-88.221562,11.60,186.0,265.8,10.0,0.677,1344.7,41.0,2.75
1331754471000,1331754471000,40.112790,-88.221695,11.89,186.0,268.4,10.0,0.721,1349.0,41.5,3.14
1331754472000,1331754472000,40.112789,-88.221828,11.87,186.0,267.9,10.0,0.852,1259.8,42.7,5.75
1331754473000,1331754473000,40.112786,-88.221968,11.95,185.0,268.4,10.0,0.950,1101.6,43.5,8.04
1331754474000,1331754474000,40.112781,-88.222113,11.96,184.0,267.5,10.0,0.975,1054.9,44.5,8.63
1331754475000,1331754475000,40.112777,-88.222265,12.70,183.0,268.3,10.0,1.004,1083.4,45.5,9.02
1331754476000,1331754476000,40.112774,-88.222418,13.07,183.0,268.9,10.0,0.798,1216.9,46.0,4.51
1331754477000,1331754477000,40.112772,-88.222567,13.03,183.0,268.8,10.0,0.512,1249.6,46.0,NaN
1331754478000,1331754478000,40.112772,-88.222718,12.91,185.0,269.2,10.0,0.441,1148.2,45.5,NaN
1331754479000,1331754479000,40.112773,-88.222866,12.27,184.0,268.8,10.0,0.425,1089.1,43.7,0.13
1331754480000,1331754480000,40.112772,-88.223006,11.29,184.0,269.2,10.0,0.412,1034.6,40.5,0.20
1331754481000,1331754481000,40.112770,-88.223131,10.04,184.0,268.7,10.0,0.406,969.6,35.0,0.39
1331754482000,1331754482000,40.112768,-88.223242,8.61,183.0,268.3,10.0,0.413,941.1,29.0,0.39
1331754483000,1331754483000,40.112767,-88.223326,6.98,183.0,269.5,10.0,0.366,867.3,22.0,0.26
1331754484000,1331754484000,40.112769,-88.223398,6.08,183.0,271.2,10.0,0.339,827.7,19.5,0.20
1331754485000,1331754485000,40.112771,-88.223445,3.99,183.0,270.5,10.0,0.290,690.2,12.5,NaN
1331754486000,1331754486000,40.112771,-88.223445,0.00,183.0,270.5,10.0,0.274,669.2,7.0,0.26
1331754487000,1331754487000,40.112771,-88.223445,0.00,183.0,270.5,10.0,0.265,641.7,3.0,0.20
1331754488000,1331754488000,40.112771,-88.223445,0.00,183.0,270.5,10.0,0.257,631.7,1.0,NaN
1331754489000,1331754489000,40.112771,-88.223445,0.00,183.0,270.5,10.0,0.250,643.0,0.0,NaN
1331754490000,1331754490000,40.112771,-88.223445,0.00,183.0,270.5,10.0,0.248,675.9,0.0,NaN
1331754491000,1331754491000,40.112771,-88.223445,0.00,183.0,270.5,10.0,0.489,876.2,0.0,2.94
1331754492000,1331754492000,40.112771,-88.223445,0.00,183.0,270.5,10.0,1.108,1442.0,4.5,10.39
1331754493000,1331754493000,40.112771,-88.223445,0.00,183.0,270.5,10.0,1.496,1838.1,13.0,15.56
1331754494000,1331754494000,40.112776,-88.223586,4.62,182.0,268.3,10.0,1.226,1764.0,18.0,14.12
1331754495000,1331754495000,40.112776,-88.223640,5.59,178.0,270.3,10.0,0.733,1541.2,19.0,6.47
1331754496000,1331754496000,40.112776,-88.223711,5.55,179.0,270.9,10.0,0.654,1476.9,19.3,2.88
1331754497000,1331754497000,40.112778,-88.223783,5.48,181.0,271.3,10.0,0.852,1494.1,20.5,7.65
1331754498000,1331754498000,40.112783,-88.223860,5.72,184.0,274.3,10.0,0.610,1131.6,21.0,3.01
1331754499000,1331754499000,40.112811,-88.223921,5.39,184.0,303.9,10.0,0.701,1190.4,21.0,4.12
1331754500000,1331754500000,40.112859,-88.223953,5.90,185.0,335.4,10.0,1.053,1543.8,21.3,10.07
1331754501000,1331754501000,40.112914,-88.223971,5.68,185.0,351.5,10.0,0.965,1539.9,22.5,10.98
1331754502000,1331754502000,40.112974,-88.223983,6.57,185.0,353.2,10.0,0.560,1222.9,23.0,4.90
1331754503000,1331754503000,40.113037,-88.223993,6.83,186.0,352.7,10.0,0.375,939.0,22.0,0.13
1331754504000,1331754504000,40.113089,-88.224017,5.36,189.0,338.4,10.0,0.313,767.2,18.0,0.13
1331754505000,1331754505000,40.113119,-88.224045,4.16,191.0,317.0,10.0,0.287,680.2,13.5,0.20
