1331758986000,1331758986000,40.111660,-88.223939,8.38,194.4,358.0,10.0,0.803,1456.2,35.0,7.06
1331758987000,1331758987000,40.111759,-88.223939,8.94,195.0,359.0,10.0,0.491,1156.2,35.0,4.90
1331758988000,1331758988000,40.111874,-88.223933,9.57,196.2,1.0,10.0,0.491,1156.2,35.0,4.90
1331758989000,1331758989000,40.111979,-88.223927,9.57,197.0,2.0,10.0,0.243,881.2,33.0,2.94
1331758990000,1331758990000,40.112072,-88.223923,9.13,196.4,2.0,10.0,0.243,881.2,33.0,2.94
1331758991000,1331758991000,40.112160,-88.223919,8.63,195.6,2.0,10.0,0.233,825.0,30.0,3.14
1331758992000,1331758992000,40.112239,-88.223914,8.26,196.6,1.0,10.0,0.233,825.0,30.0,3.14
1331758993000,1331758993000,40.112312,-88.223910,7.82,197.4,1.0,10.0,0.254,856.2,27.0,3.14
1331758994000,1331758994000,40.112381,-88.223908,7.38,197.5,1.0,10.0,0.270,900.0,25.0,2.94
1331758995000,1331758995000,40.112446,-88.223908,7.07,198.0,0.0,10.0,0.270,900.0,25.0,2.94
1331758996000,1331758996000,40.112513,-88.223905,6.94,197.4,0.0,10.0,0.265,931.2,22.0,2.75
1331758997000,1331758997000,40.112572,-88.223903,6.19,197.1,2.0,10.0,0.265,931.2,22.0,2.75
1331758998000,1331758998000,40.112610,-88.223907,4.82,198.4,5.0,10.0,0.270,931.2,17.0,2.75
1331758999000,1331758999000,40.112654,-88.223901,4.38,197.8,15.0,10.0,0.270,931.2,17.0,2.75
1331759000000,1331759000000,40.112692,-88.223883,4.25,197.1,31.0,10.0,0.486,1125.0,15.0,4.31
1331759001000,1331759001000,40.112723,-88.223848,4.44,197.0,49.0,10.0,0.486,1125.0,15.0,4.31
1331759002000,1331759002000,40.112751,-88.223793,5.13,196.1,65.0,10.0,0.725,1400.0,19.0,6.27
1331759003000,1331759003000,40.112765,-88.223726,5.75,195.8,80.0,10.0,0.863,1562.5,24.0,7.25
1331759004000,1331759004000,40.112772,-88.223646,6.63,195.3,85.0,10.0,0.863,1562.5,24.0,7.25
1331759005000,1331759005000,40.112778,-88.223557,7.44,194.8,85.0,10.0,0.951,1587.5,28.0,7.65
1331759006000,1331759006000,40.112784,-88.223462,8.07,194.5,85.0,10.0,0.951,1587.5,28.0,7.65
1331759007000,1331759007000,40.112793,-88.223359,8.69,194.4,84.0,10.0,0.993,1556.2,33.0,8.04
1331759008000,1331759008000,40.112805,-88.223252,9.38,194.2,86.0,10.0,0.993,1556.2,33.0,8.04
1331759009000,1331759009000,40.112814,-88.223138,9.88,193.9,85.0,10.0,0.774,1500.0,36.0,6.27
1331759010000,1331759010000,40.112818,-88.223020,10.07,193.4,87.0,10.0,0.483,1412.5,37.0,3.92
1331759011000,1331759011000,40.112818,-88.222897,10.26,193.2,89.0,10.0,0.483,1412.5,37.0,3.92
1331759012000,1331759012000,40.112804,-88.222772,10.38,192.1,90.0,10.0,0.628,1475.0,39.0,4.90
1331759013000,1331759013000,40.112796,-88.222646,10.57,191.3,90.0,10.0,0.628,1475.0,39.0,4.90
1331759014000,1331759014000,40.112797,-88.222516,10.88,190.8,88.0,10.0,0.740,1418.7,40.0,6.08
1331759015000,1331759015000,40.112799,-88.222384,11.32,190.6,89.0,10.0,0.740,1418.7,40.0,6.08
1331759016000,1331759016000,40.112798,-88.222248,11.38,190.4,90.0,10.0,0.563,1218.7,40.0,4.51
1331759017000,1331759017000,40.112798,-88.222112,11.26,190.0,90.0,10.0,0.473,1175.0,40.0,3.92
1331759018000,1331759018000,40.112796,-88.221977,11.26,189.6,91.0,10.0,0.473,1175.0,40.0,3.92
1331759019000,1331759019000,40.112793,-88.221839,11.32,189.3,90.0,10.0,0.408,1125.0,40.0,4.12
1331759020000,1331759020000,40.112793,-88.221703,11.32,189.2,90.0,10.0,0.408,1125.0,40.0,4.12
1331759021000,1331759021000,40.112790,-88.221567,11.20,189.3,90.0,10.0,0.261,981.2,39.0,3.14
1331759022000,1331759022000,40.112787,-88.221434,10.95,189.1,90.0,10.0,0.261,981.2,39.0,3.14
1331759023000,1331759023000,40.112781,-88.221304,10.70,188.7,89.0,10.0,0.224,918.7,38.0,3.14
1331759024000,1331759024000,40.112780,-88.221179,10.45,187.9,89.0,10.0,0.224,918.7,38.0,3.14
1331759025000,1331759025000,40.112781,-88.221058,10.26,187.3,90.0,10.0,0.224,893.7,37.0,3.14
1331759026000,1331759026000,40.112782,-88.220940,10.07,186.9,90.0,10.0,0.222,881.2,35.0,3.14
1331759027000,1331759027000,40.112783,-88.220821,9.88,187.0,89.0,10.0,0.222,881.2,35.0,3.14
1331759028000,1331759028000,40.112784,-88.220706,9.32,187.0,89.0,10.0,0.225,856.2,31.0,3.14
1331759029000,1331759029000,40.112785,-88.220600,8.38,186.9,89.0,10.0,0.247,868.7,25.0,2.94
1331759030000,1331759030000,40.112785,-88.220508,7.07,186.8,89.0,10.0,0.247,868.7,25.0,2.94
1331759031000,1331759031000,40.112790,-88.220434,6.13,186.3,90.0,10.0,0.267,962.5,19.0,2.75
1331759032000,1331759032000,40.112789,-88.220366,5.13,186.4,91.0,10.0,0.267,962.5,19.0,2.75
1331759033000,1331759033000,40.112786,-88.220314,3.75,186.4,97.0,10.0,0.265,887.5,12.0,2.75
1331759034000,1331759034000,40.112786,-88.220281,2.06,186.4,95.0,10.0,0.263,725.0,6.0,2.75
1331759035000,1331759035000,40.112788,-88.220266,0.75,186.4,90.0,10.0,0.263,725.0,6.0,2.75
1331759036000,1331759036000,40.112788,-88.220266,0.00,186.3,86.0,10.0,0.263,700.0,2.0,2.75
1331759037000,1331759037000,40.112788,-88.220266,0.00,186.4,86.0,10.0,0.257,700.0,0.0,2.94
1331759038000,1331759038000,40.112788,-88.220266,0.00,186.4,86.0,10.0,0.257,700.0,0.0,2.94
1331759039000,1331759039000,40.112788,-88.220266,0.00,186.4,86.0,10.0,0.249,700.0,0.0,3.14
1331759040000,1331759040000,40.112788,-88.220266,0.00,186.4,86.0,10.0,0.236,687.5,0.0,3.14
1331759041000,1331759041000,40.112788,-88.220266,0.00,186.4,86.0,10.0,0.236,687.5,0.0,3.14
1331759042000,1331759042000,40.112788,-88.220266,0.00,186.4,86.0,10.0,0.230,675.0,0.0,2.94
1331759043000,1331759043000,40.112788,-88.220266,0.00,186.4,86.0,10.0,0.232,675.0,0.0,2.94
1331759044000,1331759044000,40.112788,-88.220266,0.00,186.4,86.0,10.0,0.232,675.0,0.0,2.94
1331759045000,1331759045000,40.112788,-88.220266,0.00,186.4,86.0,10.0,0.230,675.0,0.0,3.14
1331759046000,1331759046000,40.112788,-88.220266,0.00,186.4,86.0,10.0,0.230,675.0,0.0,3.14
1331759047000,1331759047000,40.112788,-88.220266,0.00,186.4,86.0,10.0,0.229,675.0,0.0,3.14
1331759048000,1331759048000,40.112788,-88.220266,0.00,186.4,86.0,10.0,0.226,668.7,0.0,3.14
1331759049000,1331759049000,40.112788,-88.220266,0.00,186.4,86.0,10.0,0.226,668.7,0.0,3.14
1331759050000,1331759050000,40.112788,-88.220266,0.00,186.4,86.0,10.0,0.334,837.5,0.0,3.14
1331759051000,1331759051000,40.112788,-88.220266,0.00,186.4,86.0,10.0,0.709,1287.5,6.0,5.49
1331759052000,1331759052000,40.112787,-88.220240,2.69,186.2,89.0,10.0,0.709,1287.5,6.0,5.49
1331759053000,1331759053000,40.112786,-88.220199,4.13,186.2,90.0,10.0,0.707,1443.7,14.0,5.88
1331759054000,1331759054000,40.112789,-88.220148,4.50,186.3,90.0,10.0,0.356,1137.5,16.0,3.53
1331759055000,1331759055000,40.112787,-88.220094,4.63,186.3,89.0,10.0,0.356,1137.5,16.0,3.53
1331759056000,1331759056000,40.112786,-88.220040,4.50,186.3,91.0,10.0,0.282,968.7,16.0,3.14
1331759057000,1331759057000,40.112785,-88.219987,4.38,186.3,91.0,10.0,0.473,1156.2,16.0,4.12
1331759058000,1331759058000,40.112785,-88.219934,4.57,186.3,90.0,10.0,0.473,1156.2,16.0,4.12
1331759059000,1331759059000,40.112785,-88.219877,5.13,186.4,91.0,10.0,0.834,1450.0,19.0,6.47
1331759060000,1331759060000,40.112788,-88.219810,5.94,186.7,88.0,10.0,1.016,1625.0,24.0,8.04
1331759061000,1331759061000,40.112789,-88.219735,6.69,186.8,91.0,10.0,1.016,1625.0,24.0,8.04
1331759062000,1331759062000,40.112790,-88.219652,7.26,186.9,89.0,10.0,0.974,1631.2,27.0,7.25
1331759063000,1331759063000,40.112794,-88.219564,7.63,187.2,89.0,10.0,0.956,1562.5,29.0,7.25
1331759064000,1331759064000,40.112796,-88.219470,8.19,187.3,90.0,10.0,0.956,1562.5,29.0,7.25
1331759065000,1331759065000,40.112799,-88.219370,8.57,187.5,88.0,10.0,0.970,1543.7,32.0,7.84
1331759066000,1331759066000,40.112801,-88.219264,9.13,187.8,91.0,10.0,0.970,1543.7,32.0,7.84
1331759067000,1331759067000,40.112798,-88.219153,9.45,188.0,91.0,10.0,0.623,1306.2,33.0,5.10
1331759068000,1331759068000,40.112796,-88.219041,9.32,188.1,90.0,10.0,0.256,937.5,31.0,2.94
1331759069000,1331759069000,40.112797,-88.218932,9.01,188.2,90.0,10.0,0.256,937.5,31.0,2.94
1331759070000,1331759070000,40.112800,-88.218829,8.19,188.5,89.0,10.0,0.251,881.2,27.0,2.94
1331759071000,1331759071000,40.112802,-88.218739,7.01,188.8,91.0,10.0,0.266,981.2,22.0,2.75
1331759072000,1331759072000,40.112804,-88.218661,6.13,189.0,90.0,10.0,0.266,981.2,22.0,2.75
1331759073000,1331759073000,40.112807,-88.218595,5.13,188.9,88.0,10.0,0.261,912.5,16.0,2.75
1331759074000,1331759074000,40.112812,-88.218548,3.57,188.4,90.0,10.0,0.269,775.0,8.0,2.75
1331759075000,1331759075000,40.112816,-88.218518,1.88,188.2,88.0,10.0,0.269,775.0,8.0,2.75
1331759076000,1331759076000,40.112819,-88.218506,0.50,188.0,89.0,10.0,0.266,725.0,2.0,2.75
1331759077000,1331759077000,40.112819,-88.218505,0.00,188.0,92.0,10.0,0.254,706.2,0.0,2.75
1331759078000,1331759078000,40.112819,-88.218505,0.00,188.0,92.0,10.0,0.254,706.2,0.0,2.75
1331759079000,1331759079000,40.112819,-88.218505,0.00,188.0,92.0,10.0,0.247,700.0,0.0,2.75
1331759080000,1331759080000,40.112819,-88.218505,0.00,188.0,92.0,10.0,0.235,687.5,0.0,2.75
1331759081000,1331759081000,40.112819,-88.218505,0.00,188.0,92.0,10.0,0.235,687.5,0.0,2.75
1331759082000,1331759082000,40.112819,-88.218505,0.00,188.0,92.0,10.0,0.227,675.0,0.0,2.75
1331759083000,1331759083000,40.112819,-88.218505,0.00,188.0,92.0,10.0,0.227,675.0,0.0,2.75
1331759084000,1331759084000,40.112819,-88.218505,0.00,188.0,92.0,10.0,0.229,675.0,0.0,2.75
1331759085000,1331759085000,40.112819,-88.218505,0.00,188.0,92.0,10.0,0.227,675.0,0.0,2.94
1331759086000,1331759086000,40.112819,-88.218505,0.00,188.0,92.0,10.0,0.227,675.0,0.0,2.94
1331759087000,1331759087000,40.112819,-88.218505,0.00,188.0,92.0,10.0,0.225,675.0,0.0,3.14
1331759088000,1331759088000,40.112819,-88.218505,0.00,188.0,92.0,10.0,0.447,968.7,3.0,4.90
1331759089000,1331759089000,40.112819,-88.218505,0.00,188.0,92.0,10.0,0.447,968.7,3.0,4.90
1331759090000,1331759090000,40.112837,-88.218473,2.81,188.5,90.0,10.0,0.725,1418.7,10.0,6.67
1331759091000,1331759091000,40.112841,-88.218433,3.82,188.8,84.0,10.0,0.717,1425.0,16.0,5.88
1331759092000,1331759092000,40.112843,-88.218382,4.63,188.9,88.0,10.0,0.717,1425.0,16.0,5.88
1331759093000,1331759093000,40.112843,-88.218322,5.32,188.9,87.0,10.0,0.565,1250.0,19.0,5.29
1331759094000,1331759094000,40.112848,-88.218258,5.63,188.9,85.0,10.0,0.366,1081.2,20.0,4.12
1331759095000,1331759095000,40.112849,-88.218189,5.82,189.0,90.0,10.0,0.366,1081.2,20.0,4.12
1331759096000,1331759096000,40.112850,-88.218118,5.75,189.1,88.0,10.0,0.241,887.5,20.0,2.94
1331759097000,1331759097000,40.112851,-88.218050,5.69,189.2,87.0,10.0,0.241,887.5,20.0,2.94
1331759098000,1331759098000,40.112854,-88.217981,5.63,189.3,86.0,10.0,0.278,968.7,20.0,3.14
1331759099000,1331759099000,40.112856,-88.217912,5.63,189.2,82.0,10.0,0.587,1331.2,22.0,5.29
1331759100000,1331759100000,40.112856,-88.217840,6.38,188.7,85.0,10.0,0.587,1331.2,22.0,5.29
1331759101000,1331759101000,40.112852,-88.217757,7.19,188.4,89.0,10.0,0.754,1587.5,26.0,6.67
1331759102000,1331759102000,40.112846,-88.217670,7.38,188.2,92.0,10.0,0.685,1506.2,29.0,5.69
1331759103000,1331759103000,40.112842,-88.217584,7.01,188.0,89.0,10.0,0.685,1506.2,29.0,5.69
1331759104000,1331759104000,40.112837,-88.217490,7.88,188.1,91.0,10.0,0.749,1425.0,31.0,5.88
1331759105000,1331759105000,40.112835,-88.217389,8.57,188.0,87.0,10.0,0.548,1356.2,32.0,4.51
1331759106000,1331759106000,40.112828,-88.217277,9.01,187.6,88.0,10.0,0.548,1356.2,32.0,4.51
1331759107000,1331759107000,40.112829,-88.217162,9.38,187.6,90.0,10.0,0.494,1343.7,33.0,4.12
1331759108000,1331759108000,40.112824,-88.217041,9.57,187.7,89.0,10.0,0.510,1250.0,34.0,4.12
1331759109000,1331759109000,40.112822,-88.216922,9.82,187.9,90.0,10.0,0.510,1250.0,34.0,4.12
1331759110000,1331759110000,40.112814,-88.216798,9.82,188.2,91.0,10.0,0.285,962.5,34.0,2.75
1331759111000,1331759111000,40.112808,-88.216680,9.57,188.3,88.0,10.0,0.285,962.5,34.0,2.75
1331759112000,1331759112000,40.112803,-88.216565,9.32,188.6,91.0,10.0,0.252,881.2,34.0,2.75
1331759113000,1331759113000,40.112801,-88.216451,9.32,189.0,89.0,10.0,0.271,931.2,32.0,2.75
1331759114000,1331759114000,40.112798,-88.216344,8.76,189.5,91.0,10.0,0.271,931.2,32.0,2.75
1331759115000,1331759115000,40.112794,-88.216244,8.07,189.8,92.0,10.0,0.271,950.0,28.0,2.75
1331759116000,1331759116000,40.112793,-88.216154,7.44,189.8,83.0,10.0,0.277,956.2,26.0,2.75
1331759117000,1331759117000,40.112804,-88.216076,6.82,189.5,76.0,10.0,0.277,956.2,26.0,2.75
1331759118000,1331759118000,40.112837,-88.216012,6.00,189.5,59.0,10.0,0.274,937.5,25.0,2.75
1331759119000,1331759119000,40.112895,-88.215973,5.94,189.6,32.0,10.0,0.522,1206.2,23.0,3.92
1331759120000,1331759120000,40.112955,-88.215951,5.88,189.3,18.0,10.0,0.522,1206.2,23.0,3.92
1331759121000,1331759121000,40.113011,-88.215932,6.19,189.8,13.0,10.0,0.611,1462.5,22.0,4.12
1331759122000,1331759122000,40.113063,-88.215920,5.82,189.8,11.0,10.0,0.453,1406.2,23.0,5.29
1331759123000,1331759123000,40.113115,-88.215912,6.13,189.3,9.0,10.0,0.453,1406.2,23.0,5.29
1331759124000,1331759124000,40.113168,-88.215907,6.07,189.3,8.0,10.0,0.459,1456.2,24.0,5.29
1331759125000,1331759125000,40.113224,-88.215903,6.00,189.7,10.0,10.0,0.376,1312.5,23.0,2.94
1331759126000,1331759126000,40.113284,-88.215895,6.19,189.8,11.0,10.0,0.376,1312.5,23.0,2.94
1331759127000,1331759127000,40.113349,-88.215892,5.88,189.3,10.0,10.0,0.256,943.7,20.0,2.94
1331759128000,1331759128000,40.113398,-88.215878,4.75,189.2,13.0,10.0,0.256,943.7,20.0,2.94
1331759129000,1331759129000,40.113445,-88.215870,4.38,189.0,7.0,10.0,0.244,843.7,16.0,2.94
1331759130000,1331759130000,40.113485,-88.215862,3.69,188.9,12.0,10.0,0.265,868.7,13.0,2.75
1331759131000,1331759131000,40.113520,-88.215861,3.50,188.4,10.0,10.0,0.265,868.7,13.0,2.75
1331759132000,1331759132000,40.113553,-88.215857,3.25,187.9,12.0,10.0,0.413,1031.2,13.0,3.92
1331759133000,1331759133000,40.113590,-88.215850,4.00,187.6,10.0,10.0,0.696,1337.5,17.0,6.08
1331759134000,1331759134000,40.113632,-88.215847,4.69,187.5,9.0,10.0,0.696,1337.5,17.0,6.08
1331759135000,1331759135000,40.113679,-88.215840,4.69,187.6,7.0,10.0,0.815,1437.5,21.0,7.45
1331759136000,1331759136000,40.113731,-88.215832,5.63,187.6,10.0,10.0,0.540,1237.5,22.0,5.29
1331759137000,1331759137000,40.113789,-88.215824,6.00,187.2,9.0,10.0,0.540,1237.5,22.0,5.29
1331759138000,1331759138000,40.113841,-88.215818,5.50,187.0,7.0,10.0,0.277,956.2,20.0,2.94
1331759139000,1331759139000,40.113899,-88.215809,5.38,187.0,3.0,10.0,0.267,818.7,15.0,2.94
1331759140000,1331759140000,40.113941,-88.215805,4.69,187.2,5.0,10.0,0.267,818.7,15.0,2.94
1331759141000,1331759141000,40.113966,-88.215802,3.06,187.3,8.0,10.0,0.271,787.5,12.0,2.75
1331759142000,1331759142000,40.114000,-88.215790,2.63,187.5,10.0,10.0,0.283,781.2,12.0,2.75
1331759143000,1331759143000,40.114024,-88.215775,2.50,187.7,21.0,10.0,0.283,781.2,12.0,2.75
1331759144000,1331759144000,40.114033,-88.215746,2.31,188.0,39.0,10.0,0.270,787.5,12.0,2.75
1331759145000,1331759145000,40.114044,-88.215707,3.06,188.3,89.0,10.0,0.270,787.5,12.0,2.75
1331759146000,1331759146000,40.114038,-88.215665,3.38,188.4,95.0,10.0,0.644,1100.0,15.0,6.08
1331759147000,1331759147000,40.114031,-88.215616,3.88,188.6,92.0,10.0,0.897,1400.0,19.0,7.06
1331759148000,1331759148000,40.114030,-88.215561,4.50,188.4,89.0,10.0,0.897,1400.0,19.0,7.06
1331759149000,1331759149000,40.114030,-88.215499,5.44,188.8,94.0,10.0,0.886,1537.5,23.0,6.47
1331759150000,1331759150000,40.114029,-88.215428,5.75,189.0,91.0,10.0,0.960,1556.2,28.0,7.06
1331759151000,1331759151000,40.114026,-88.215349,6.57,189.1,98.0,10.0,0.960,1556.2,28.0,7.06
1331759152000,1331759152000,40.114020,-88.215257,7.19,188.9,98.0,10.0,0.777,1400.0,31.0,5.69
1331759153000,1331759153000,40.114015,-88.215155,7.88,188.7,95.0,10.0,0.574,1337.5,33.0,5.29
1331759154000,1331759154000,40.114010,-88.215056,7.94,188.5,92.0,10.0,0.574,1337.5,33.0,5.29
1331759155000,1331759155000,40.114001,-88.214948,8.63,188.0,97.0,10.0,0.412,1281.2,34.0,3.92
1331759156000,1331759156000,40.113986,-88.214829,9.63,187.3,102.0,10.0,0.322,1200.0,34.0,2.94
1331759157000,1331759157000,40.113963,-88.214718,9.26,186.7,105.0,10.0,0.322,1200.0,34.0,2.94
1331759158000,1331759158000,40.113942,-88.214593,9.19,186.2,99.0,10.0,0.385,1237.5,34.0,3.53
1331759159000,1331759159000,40.113925,-88.214469,9.45,185.9,99.0,10.0,0.385,1237.5,34.0,3.53
1331759160000,1331759160000,40.113906,-88.214348,9.38,185.6,102.0,10.0,0.394,1293.7,34.0,3.53
1331759161000,1331759161000,40.113884,-88.214234,9.45,185.4,104.0,10.0,0.320,1256.2,33.0,3.33
1331759162000,1331759162000,40.113859,-88.214116,9.07,185.6,103.0,10.0,0.320,1256.2,33.0,3.33
1331759163000,1331759163000,40.113828,-88.214008,9.01,185.7,112.0,10.0,0.378,1256.2,32.0,3.92
1331759164000,1331759164000,40.113794,-88.213901,9.01,185.7,112.0,10.0,0.358,1125.0,32.0,3.53
1331759165000,1331759165000,40.113758,-88.213794,8.76,185.4,115.0,10.0,0.358,1125.0,32.0,3.53
1331759166000,1331759166000,40.113721,-88.213694,8.63,185.6,116.0,10.0,0.244,887.5,30.0,2.94
1331759167000,1331759167000,40.113693,-88.213597,7.94,185.7,111.0,10.0,0.249,881.2,27.0,2.94
1331759168000,1331759168000,40.113658,-88.213503,7.69,185.6,114.0,10.0,0.249,881.2,27.0,2.94
1331759169000,1331759169000,40.113625,-88.213417,7.26,185.7,115.0,10.0,0.269,943.7,24.0,2.75
1331759170000,1331759170000,40.113591,-88.213341,6.69,186.0,116.0,10.0,0.269,950.0,20.0,2.75
1331759171000,1331759171000,40.113556,-88.213277,5.94,185.9,123.0,10.0,0.269,950.0,20.0,2.75
1331759172000,1331759172000,40.113521,-88.213228,5.00,185.8,136.0,10.0,0.273,1018.7,18.0,2.75
1331759173000,1331759173000,40.113482,-88.213196,4.82,185.5,151.0,10.0,0.532,1275.0,19.0,4.51
1331759174000,1331759174000,40.113438,-88.213182,4.82,185.5,165.0,10.0,0.532,1275.0,19.0,4.51
1331759175000,1331759175000,40.113392,-88.213176,4.88,185.7,175.0,10.0,0.838,1537.5,22.0,6.86
1331759176000,1331759176000,40.113347,-88.213180,4.82,185.6,187.0,10.0,0.838,1537.5,22.0,6.86
1331759177000,1331759177000,40.113300,-88.213195,4.57,185.9,191.0,10.0,0.948,1581.2,26.0,7.25
1331759178000,1331759178000,40.113252,-88.213204,4.94,185.7,186.0,10.0,0.987,1562.5,30.0,7.45
1331759179000,1331759179000,40.113203,-88.213216,4.88,185.4,191.0,10.0,0.987,1562.5,30.0,7.45
1331759180000,1331759180000,40.113142,-88.213221,6.25,185.2,185.0,10.0,0.628,1312.5,32.0,5.29
1331759181000,1331759181000,40.113072,-88.213211,7.32,185.7,180.0,10.0,0.257,968.7,32.0,2.94
1331759182000,1331759182000,40.112985,-88.213203,8.38,185.8,177.0,10.0,0.257,968.7,32.0,2.94
1331759183000,1331759183000,40.112900,-88.213198,8.26,186.2,179.0,10.0,0.228,862.5,31.0,3.14
1331759184000,1331759184000,40.112816,-88.213185,7.94,186.8,174.0,10.0,0.230,850.0,29.0,3.14
1331759185000,1331759185000,40.112727,-88.213175,7.94,187.0,177.0,10.0,0.230,850.0,29.0,3.14
1331759186000,1331759186000,40.112639,-88.213169,7.57,186.8,179.0,10.0,0.229,825.0,25.0,3.14
1331759187000,1331759187000,40.112560,-88.213171,6.76,186.7,182.0,10.0,0.247,850.0,17.0,2.94
1331759188000,1331759188000,40.112495,-88.213175,5.50,185.5,183.0,10.0,0.247,850.0,17.0,2.94
1331759189000,1331759189000,40.112439,-88.213183,5.00,185.4,184.0,10.0,0.349,912.5,12.0,2.75
1331759190000,1331759190000,40.112401,-88.213197,4.13,185.4,193.0,10.0,0.349,912.5,12.0,2.75
1331759191000,1331759191000,40.112362,-88.213216,3.25,185.3,213.0,10.0,0.530,1081.2,13.0,4.51
1331759192000,1331759192000,40.112336,-88.213257,3.32,185.5,239.0,10.0,0.772,1343.7,16.0,6.86
1331759193000,1331759193000,40.112328,-88.213305,3.94,185.4,259.0,10.0,0.772,1343.7,16.0,6.86
1331759194000,1331759194000,40.112327,-88.213367,5.32,185.5,269.0,10.0,1.034,1575.0,21.0,8.24
1331759195000,1331759195000,40.112327,-88.213445,6.51,185.3,269.0,10.0,1.179,1750.0,26.0,9.02
1331759196000,1331759196000,40.112330,-88.213531,7.44,185.3,269.0,10.0,1.179,1750.0,26.0,9.02
1331759197000,1331759197000,40.112333,-88.213628,8.32,185.5,269.0,10.0,1.235,1750.0,31.0,9.41
1331759198000,1331759198000,40.112330,-88.213735,9.13,185.5,269.0,10.0,1.279,1718.7,36.0,9.80
1331759199000,1331759199000,40.112328,-88.213851,9.95,185.5,269.0,10.0,1.279,1718.7,36.0,9.80
1331759200000,1331759200000,40.112328,-88.213977,10.70,185.5,270.0,10.0,1.110,1606.2,39.0,8.63
1331759201000,1331759201000,40.112337,-88.214108,11.13,186.0,274.0,10.0,0.729,1300.0,41.0,7.45
1331759202000,1331759202000,40.112346,-88.214245,11.20,186.0,275.0,10.0,0.729,1300.0,41.0,7.45
1331759203000,1331759203000,40.112360,-88.214380,11.38,185.9,277.0,10.0,0.400,1093.7,42.0,5.29
1331759204000,1331759204000,40.112376,-88.214521,11.63,186.1,279.0,10.0,0.400,1093.7,42.0,5.29
1331759205000,1331759205000,40.112394,-88.214664,11.70,185.6,281.0,10.0,0.249,1012.5,41.0,3.14
1331759206000,1331759206000,40.112418,-88.214800,11.38,185.4,282.0,10.0,0.227,956.2,40.0,3.14
1331759207000,1331759207000,40.112439,-88.214935,11.13,185.4,283.0,10.0,0.227,956.2,40.0,3.14
1331759208000,1331759208000,40.112467,-88.215062,10.95,185.5,286.0,10.0,0.225,981.2,39.0,3.14
1331759209000,1331759209000,40.112495,-88.215183,10.82,185.6,289.0,10.0,0.434,1156.2,38.0,3.92
1331759210000,1331759210000,40.112527,-88.215300,10.45,185.6,290.0,10.0,0.434,1156.2,38.0,3.92
1331759211000,1331759211000,40.112559,-88.215417,10.45,186.0,292.0,10.0,0.836,1425.0,39.0,6.47
1331759212000,1331759212000,40.112599,-88.215529,10.63,186.6,295.0,10.0,1.085,1587.5,41.0,8.82
1331759213000,1331759213000,40.112641,-88.215646,11.13,187.2,295.0,10.0,1.085,1587.5,41.0,8.82
1331759214000,1331759214000,40.112682,-88.215765,11.26,187.9,296.0,10.0,0.795,1387.5,42.0,8.04
1331759215000,1331759215000,40.112720,-88.215887,11.26,188.5,294.0,10.0,0.564,1262.5,42.0,6.27
1331759216000,1331759216000,40.112755,-88.216011,10.70,189.5,293.0,10.0,0.564,1262.5,42.0,6.27
1331759217000,1331759217000,40.112780,-88.216134,11.13,190.0,286.0,10.0,0.939,1500.0,43.0,7.65
1331759218000,1331759218000,40.112790,-88.216280,11.57,190.8,277.0,10.0,0.939,1500.0,43.0,7.65
1331759219000,1331759219000,40.112799,-88.216424,12.20,191.2,272.0,10.0,1.200,1650.0,45.0,9.41
1331759220000,1331759220000,40.112800,-88.216573,12.64,191.7,270.0,10.0,1.191,1662.5,47.0,9.41
1331759221000,1331759221000,40.112796,-88.216727,12.82,192.2,270.0,10.0,1.191,1662.5,47.0,9.41
1331759222000,1331759222000,40.112792,-88.216885,13.07,192.8,271.0,10.0,1.123,1637.5,48.0,8.82
1331759223000,1331759223000,40.112793,-88.217047,13.32,193.3,271.0,10.0,0.651,1400.0,48.0,5.49
1331759224000,1331759224000,40.112795,-88.217205,13.39,193.4,270.0,10.0,0.651,1400.0,48.0,5.49
1331759225000,1331759225000,40.112791,-88.217364,13.01,194.0,270.0,10.0,0.248,1125.0,47.0,2.75
1331759226000,1331759226000,40.112792,-88.217516,12.57,194.4,271.0,10.0,0.229,1012.5,45.0,2.94
1331759227000,1331759227000,40.112794,-88.217664,12.82,194.4,270.0,10.0,0.229,1012.5,45.0,2.94
1331759228000,1331759228000,40.112793,-88.217815,13.01,194.2,269.0,10.0,0.216,968.7,43.0,3.14
1331759229000,1331759229000,40.112793,-88.217960,11.70,194.3,270.0,10.0,0.227,962.5,41.0,3.14
1331759230000,1331759230000,40.112800,-88.218091,11.13,194.4,274.0,10.0,0.227,962.5,41.0,3.14
1331759231000,1331759231000,40.112803,-88.218225,11.32,194.7,270.0,10.0,0.226,937.5,39.0,3.14
1331759232000,1331759232000,40.112802,-88.218358,10.82,195.2,271.0,10.0,0.226,937.5,39.0,3.14
1331759233000,1331759233000,40.112804,-88.218486,10.51,195.5,270.0,10.0,0.222,912.5,37.0,3.14
1331759234000,1331759234000,40.112805,-88.218606,10.07,195.6,270.0,10.0,0.223,868.7,34.0,3.14
1331759235000,1331759235000,40.112806,-88.218721,9.32,195.8,270.0,10.0,0.223,868.7,34.0,3.14
1331759236000,1331759236000,40.112808,-88.218825,8.51,195.9,270.0,10.0,0.222,831.2,29.0,3.14
1331759237000,1331759237000,40.112810,-88.218918,7.38,195.7,270.0,10.0,0.239,843.7,23.0,2.94
1331759238000,1331759238000,40.112810,-88.218998,6.32,195.7,270.0,10.0,0.239,843.7,23.0,2.94
1331759239000,1331759239000,40.112810,-88.219063,5.00,195.5,270.0,10.0,0.267,843.7,16.0,2.75
1331759240000,1331759240000,40.112809,-88.219111,3.44,195.4,269.0,10.0,0.266,781.2,8.0,2.75
1331759241000,1331759241000,40.112809,-88.219140,1.63,195.2,269.0,10.0,0.266,781.2,8.0,2.75
1331759242000,1331759242000,40.112810,-88.219147,0.13,194.9,268.0,10.0,0.262,725.0,2.0,2.75
1331759243000,1331759243000,40.112810,-88.219147,0.00,194.9,271.0,10.0,0.262,706.2,0.0,2.75
1331759244000,1331759244000,40.112810,-88.219147,0.00,194.9,271.0,10.0,0.262,706.2,0.0,2.75
1331759245000,1331759245000,40.112810,-88.219147,0.00,194.9,271.0,10.0,0.253,700.0,0.0,2.75
1331759246000,1331759246000,40.112810,-88.219147,0.00,194.9,271.0,10.0,0.244,700.0,0.0,2.94
1331759247000,1331759247000,40.112810,-88.219147,0.00,194.9,271.0,10.0,0.244,700.0,0.0,2.94
1331759248000,1331759248000,40.112810,-88.219147,0.00,194.9,271.0,10.0,0.241,693.7,0.0,2.94
1331759249000,1331759249000,40.112810,-88.219147,0.00,194.9,271.0,10.0,0.241,693.7,0.0,2.94
1331759250000,1331759250000,40.112810,-88.219147,0.00,194.9,271.0,10.0,0.233,681.2,0.0,2.94
1331759251000,1331759251000,40.112810,-88.219147,0.00,194.9,271.0,10.0,0.231,675.0,0.0,3.14
1331759252000,1331759252000,40.112810,-88.219147,0.00,194.9,271.0,10.0,0.231,675.0,0.0,3.14
1331759253000,1331759253000,40.112810,-88.219147,0.00,194.9,271.0,10.0,0.233,675.0,0.0,3.14
1331759254000,1331759254000,40.112810,-88.219147,0.00,194.9,271.0,10.0,0.228,668.7,0.0,3.14
1331759255000,1331759255000,40.112810,-88.219147,0.00,194.9,271.0,10.0,0.228,668.7,0.0,3.14
1331759256000,1331759256000,40.112810,-88.219147,0.00,194.9,271.0,10.0,0.224,662.5,0.0,3.14
1331759257000,1331759257000,40.112810,-88.219147,0.00,194.9,271.0,10.0,0.224,662.5,0.0,3.14
1331759258000,1331759258000,40.112810,-88.219147,0.00,194.9,271.0,10.0,0.224,662.5,0.0,3.14
1331759259000,1331759259000,40.112810,-88.219147,0.00,194.9,271.0,10.0,0.222,662.5,0.0,3.14
1331759260000,1331759260000,40.112810,-88.219147,0.00,194.9,271.0,10.0,0.220,662.5,0.0,2.94
1331759261000,1331759261000,40.112810,-88.219147,0.00,194.9,271.0,10.0,0.220,662.5,0.0,2.94
1331759262000,1331759262000,40.112810,-88.219147,0.00,194.9,271.0,10.0,0.220,662.5,0.0,2.94
1331759263000,1331759263000,40.112810,-88.219147,0.00,194.9,271.0,10.0,0.223,662.5,0.0,3.14
1331759264000,1331759264000,40.112810,-88.219147,0.00,194.9,271.0,10.0,0.223,662.5,0.0,3.14
1331759265000,1331759265000,40.112810,-88.219147,0.00,194.9,271.0,10.0,0.223,662.5,0.0,3.14
1331759266000,1331759266000,40.112810,-88.219147,0.00,194.9,271.0,10.0,0.223,662.5,0.0,3.14
1331759267000,1331759267000,40.112810,-88.219147,0.00,194.9,271.0,10.0,0.222,662.5,0.0,2.94
1331759268000,1331759268000,40.112810,-88.219147,0.00,194.9,271.0,10.0,0.222,662.5,0.0,2.94
1331759269000,1331759269000,40.112810,-88.219147,0.00,194.9,271.0,10.0,0.222,662.5,0.0,2.94
1331759270000,1331759270000,40.112810,-88.219147,0.00,194.9,271.0,10.0,0.219,662.5,0.0,2.94
1331759271000,1331759271000,40.112810,-88.219147,0.00,194.9,271.0,10.0,0.211,662.5,0.0,2.94
1331759272000,1331759272000,40.112810,-88.219147,0.00,194.9,271.0,10.0,0.211,662.5,0.0,2.94
1331759273000,1331759273000,40.112810,-88.219147,0.00,194.9,271.0,10.0,0.211,662.5,0.0,2.94
1331759274000,1331759274000,40.112810,-88.219147,0.00,194.9,271.0,10.0,0.223,662.5,0.0,2.94
1331759275000,1331759275000,40.112810,-88.219147,0.00,194.9,271.0,10.0,0.223,662.5,0.0,2.94
1331759276000,1331759276000,40.112810,-88.219147,0.00,194.9,271.0,10.0,0.224,662.5,0.0,2.94
1331759277000,1331759277000,40.112810,-88.219147,0.00,194.9,271.0,10.0,0.220,662.5,0.0,2.94
1331759278000,1331759278000,40.112810,-88.219147,0.00,194.9,271.0,10.0,0.220,662.5,0.0,2.94
1331759279000,1331759279000,40.112810,-88.219147,0.00,194.9,271.0,10.0,0.226,662.5,0.0,3.14
1331759280000,1331759280000,40.112810,-88.219147,0.00,194.9,271.0,10.0,0.226,662.5,0.0,3.14
1331759281000,1331759281000,40.112810,-88.219147,0.00,194.9,271.0,10.0,0.230,662.5,0.0,3.14
1331759282000,1331759282000,40.112810,-88.219147,0.00,194.9,271.0,10.0,0.224,668.7,0.0,3.14
1331759283000,1331759283000,40.112810,-88.219147,0.00,194.9,271.0,10.0,0.224,668.7,0.0,3.14
1331759284000,1331759284000,40.112810,-88.219147,0.00,194.9,271.0,10.0,0.224,668.7,0.0,3.14
1331759285000,1331759285000,40.112810,-88.219147,0.00,194.9,271.0,10.0,0.229,662.5,0.0,3.14
1331759286000,1331759286000,40.112810,-88.219147,0.00,194.9,271.0,10.0,0.229,662.5,0.0,3.14
1331759287000,1331759287000,40.112810,-88.219147,0.00,194.9,271.0,10.0,0.226,662.5,0.0,3.14
1331759288000,1331759288000,40.112810,-88.219147,0.00,194.9,271.0,10.0,0.222,662.5,0.0,3.14
1331759289000,1331759289000,40.112810,-88.219147,0.00,194.9,271.0,10.0,0.222,662.5,0.0,3.14
1331759290000,1331759290000,40.112810,-88.219147,0.00,194.9,271.0,10.0,0.220,662.5,0.0,3.14
1331759291000,1331759291000,40.112810,-88.219147,0.00,194.9,271.0,10.0,0.226,687.5,0.0,3.14
1331759292000,1331759292000,40.112810,-88.219147,0.00,194.9,271.0,10.0,0.226,687.5,0.0,3.14
1331759293000,1331759293000,40.112810,-88.219147,0.00,194.9,271.0,10.0,0.495,1037.5,3.0,4.90
1331759294000,1331759294000,40.112811,-88.219165,1.69,195.2,273.0,10.0,0.495,1037.5,3.0,4.90
1331759295000,1331759295000,40.112812,-88.219198,3.38,195.2,272.0,10.0,0.943,1600.0,11.0,7.45
1331759296000,1331759296000,40.112815,-88.219248,4.82,195.6,271.0,10.0,1.096,1725.0,19.0,8.24
1331759297000,1331759297000,40.112820,-88.219310,5.82,195.9,271.0,10.0,1.096,1725.0,19.0,8.24
1331759298000,1331759298000,40.112823,-88.219384,6.76,195.9,271.0,10.0,1.071,1675.0,25.0,8.24
1331759299000,1331759299000,40.112824,-88.219472,7.57,195.7,271.0,10.0,1.116,1693.7,30.0,8.24
1331759300000,1331759300000,40.112824,-88.219567,8.26,195.6,270.0,10.0,1.116,1693.7,30.0,8.24
1331759301000,1331759301000,40.112823,-88.219671,9.13,195.7,269.0,10.0,1.173,1675.0,34.0,8.63
1331759302000,1331759302000,40.112821,-88.219784,9.88,195.6,268.0,10.0,1.169,1706.2,38.0,9.02
1331759303000,1331759303000,40.112816,-88.219906,10.45,195.6,268.0,10.0,1.169,1706.2,38.0,9.02
1331759304000,1331759304000,40.112810,-88.220033,11.07,195.5,268.0,10.0,0.908,1518.7,41.0,7.65
1331759305000,1331759305000,40.112807,-88.220164,11.26,195.4,269.0,10.0,0.772,1400.0,43.0,6.47
1331759306000,1331759306000,40.112805,-88.220298,11.51,195.4,269.0,10.0,0.772,1400.0,43.0,6.47
1331759307000,1331759307000,40.112806,-88.220435,11.95,195.4,270.0,10.0,0.866,1475.0,44.0,6.67
1331759308000,1331759308000,40.112807,-88.220579,12.26,195.4,270.0,10.0,0.866,1475.0,44.0,6.67
1331759309000,1331759309000,40.112805,-88.220727,12.57,195.5,269.0,10.0,0.872,1487.5,45.0,6.67
1331759310000,1331759310000,40.112803,-88.220874,12.45,195.6,269.0,10.0,0.951,1543.7,47.0,6.67
1331759311000,1331759311000,40.112801,-88.221018,11.88,195.6,271.0,10.0,0.951,1543.7,47.0,6.67
1331759312000,1331759312000,40.112800,-88.221160,12.01,195.4,271.0,10.0,0.951,1556.2,49.0,6.67
1331759313000,1331759313000,40.112806,-88.221305,12.70,195.5,270.0,10.0,0.951,1556.2,49.0,6.67
1331759314000,1331759314000,40.112811,-88.221463,13.64,195.6,270.0,10.0,0.847,1506.2,50.0,6.67
1331759315000,1331759315000,40.112814,-88.221623,13.70,195.6,270.0,10.0,0.758,1468.7,50.0,5.88
1331759316000,1331759316000,40.112816,-88.221792,13.51,195.7,272.0,10.0,0.758,1468.7,50.0,5.88
1331759317000,1331759317000,40.112814,-88.221961,13.82,195.8,270.0,10.0,0.693,1443.7,50.0,5.10
1331759318000,1331759318000,40.112812,-88.222128,13.95,195.7,269.0,10.0,0.486,1312.5,50.0,3.73
1331759319000,1331759319000,40.112808,-88.222299,13.95,195.8,268.0,10.0,0.486,1312.5,50.0,3.73
1331759320000,1331759320000,40.112806,-88.222466,13.57,196.1,269.0,10.0,0.281,1156.2,48.0,2.55
1331759321000,1331759321000,40.112803,-88.222631,13.14,196.3,269.0,10.0,0.257,1087.5,45.0,2.94
1331759322000,1331759322000,40.112800,-88.222789,12.70,196.7,269.0,10.0,0.257,1087.5,45.0,2.94
1331759323000,1331759323000,40.112799,-88.222940,12.26,197.2,269.0,10.0,0.223,1000.0,43.0,3.14
1331759324000,1331759324000,40.112795,-88.223086,11.88,197.4,270.0,10.0,0.223,1000.0,43.0,3.14
1331759325000,1331759325000,40.112793,-88.223228,11.57,197.4,272.0,10.0,0.250,1025.0,41.0,3.33
1331759326000,1331759326000,40.112797,-88.223363,10.95,197.5,271.0,10.0,0.467,1206.2,40.0,4.51
1331759327000,1331759327000,40.112798,-88.223497,10.88,197.2,271.0,10.0,0.467,1206.2,40.0,4.51
1331759328000,1331759328000,40.112799,-88.223632,11.07,197.4,271.0,10.0,0.715,1362.5,41.0,5.88
1331759329000,1331759329000,40.112799,-88.223772,11.38,197.4,271.0,10.0,0.797,1325.0,41.0,6.27
1331759330000,1331759330000,40.112799,-88.223913,11.51,197.5,270.0,10.0,0.797,1325.0,41.0,6.27
1331759331000,1331759331000,40.112802,-88.224052,11.45,197.6,270.0,10.0,0.530,1125.0,40.0,4.71
1331759332000,1331759332000,40.112804,-88.224188,11.13,197.5,270.0,10.0,0.244,956.2,39.0,3.14
1331759333000,1331759333000,40.112804,-88.224320,10.76,197.3,270.0,10.0,0.244,956.2,39.0,3.14
1331759334000,1331759334000,40.112804,-88.224446,10.32,197.1,270.0,10.0,0.228,893.7,37.0,3.14
1331759335000,1331759335000,40.112803,-88.224567,10.01,196.7,269.0,10.0,0.228,893.7,37.0,3.14
1331759336000,1331759336000,40.112802,-88.224683,9.70,196.5,269.0,10.0,0.263,950.0,35.0,3.14
1331759337000,1331759337000,40.112801,-88.224797,9.51,196.2,269.0,10.0,0.532,1243.7,35.0,4.71
1331759338000,1331759338000,40.112799,-88.224911,9.63,196.1,269.0,10.0,0.532,1243.7,35.0,4.71
1331759339000,1331759339000,40.112797,-88.225026,9.88,196.2,269.0,10.0,0.553,1206.2,36.0,4.71
1331759340000,1331759340000,40.112794,-88.225144,9.88,195.9,269.0,10.0,0.288,918.7,35.0,2.94
1331759341000,1331759341000,40.112793,-88.225261,9.76,195.7,269.0,10.0,0.288,918.7,35.0,2.94
1331759342000,1331759342000,40.112791,-88.225379,9.63,195.3,270.0,10.0,0.337,1012.5,34.0,2.94
1331759343000,1331759343000,40.112791,-88.225492,9.51,195.0,270.0,10.0,0.638,1325.0,35.0,4.71
1331759344000,1331759344000,40.112793,-88.225603,9.45,194.9,271.0,10.0,0.638,1325.0,35.0,4.71
1331759345000,1331759345000,40.112793,-88.225717,9.88,194.8,270.0,10.0,0.830,1543.7,37.0,6.27
1331759346000,1331759346000,40.112794,-88.225837,10.32,194.7,270.0,10.0,0.580,1312.5,38.0,4.51
1331759347000,1331759347000,40.112794,-88.225960,10.51,194.5,270.0,10.0,0.580,1312.5,38.0,4.51
1331759348000,1331759348000,40.112793,-88.226084,10.38,194.4,270.0,10.0,0.280,987.5,38.0,2.94
1331759349000,1331759349000,40.112793,-88.226209,10.57,194.3,270.0,10.0,0.226,918.7,38.0,3.14
1331759350000,1331759350000,40.112795,-88.226331,10.51,194.2,270.0,10.0,0.226,918.7,38.0,3.14
1331759351000,1331759351000,40.112795,-88.226454,10.26,194.2,270.0,10.0,0.227,912.5,37.0,3.14
1331759352000,1331759352000,40.112795,-88.226575,10.07,194.0,270.0,10.0,0.227,912.5,37.0,3.14
1331759353000,1331759353000,40.112796,-88.226695,10.07,194.3,270.0,10.0,0.224,868.7,34.0,3.14
1331759354000,1331759354000,40.112795,-88.226812,9.38,194.6,269.0,10.0,0.221,843.7,32.0,3.14
1331759355000,1331759355000,40.112791,-88.226923,9.19,194.8,266.0,10.0,0.221,843.7,32.0,3.14
1331759356000,1331759356000,40.112787,-88.227030,8.63,195.1,270.0,10.0,0.221,843.7,31.0,3.14
1331759357000,1331759357000,40.112785,-88.227133,8.44,195.2,269.0,10.0,0.224,825.0,28.0,3.14
1331759358000,1331759358000,40.112784,-88.227230,7.76,195.4,270.0,10.0,0.224,825.0,28.0,3.14
1331759359000,1331759359000,40.112782,-88.227320,7.01,195.5,269.0,10.0,0.222,825.0,25.0,3.14
1331759360000,1331759360000,40.112782,-88.227402,6.82,195.6,270.0,10.0,0.481,1118.7,25.0,5.29
1331759361000,1331759361000,40.112780,-88.227483,6.76,195.7,269.0,10.0,0.481,1118.7,25.0,5.29
1331759362000,1331759362000,40.112781,-88.227561,7.07,195.5,269.0,10.0,0.795,1425.0,27.0,7.65
1331759363000,1331759363000,40.112776,-88.227648,7.76,194.9,269.0,10.0,0.795,1425.0,27.0,7.65
1331759364000,1331759364000,40.112772,-88.227741,8.19,194.7,270.0,10.0,0.588,1268.7,29.0,5.29
1331759365000,1331759365000,40.112770,-88.227838,8.19,194.5,270.0,10.0,0.282,1000.0,29.0,2.75
1331759366000,1331759366000,40.112769,-88.227933,8.01,194.0,270.0,10.0,0.282,1000.0,29.0,2.75
1331759367000,1331759367000,40.112767,-88.228024,7.69,193.8,270.0,10.0,0.231,875.0,27.0,2.94
1331759368000,1331759368000,40.112761,-88.228113,7.38,193.3,270.0,10.0,0.226,825.0,24.0,3.14
1331759369000,1331759369000,40.112758,-88.228196,6.82,192.9,270.0,10.0,0.226,825.0,24.0,3.14
1331759370000,1331759370000,40.112753,-88.228277,6.32,193.0,270.0,10.0,0.248,868.7,20.0,2.94
1331759371000,1331759371000,40.112751,-88.228345,5.32,193.0,270.0,10.0,0.267,843.7,14.0,2.75
1331759372000,1331759372000,40.112748,-88.228400,4.00,192.9,269.0,10.0,0.267,843.7,14.0,2.75
1331759373000,1331759373000,40.112746,-88.228439,2.81,192.7,268.0,10.0,0.266,756.2,8.0,2.75
1331759374000,1331759374000,40.112747,-88.228460,1.38,192.6,268.0,10.0,0.268,731.2,3.0,2.75
1331759375000,1331759375000,40.112748,-88.228466,0.13,192.4,282.0,10.0,0.268,731.2,3.0,2.75
1331759376000,1331759376000,40.112750,-88.228463,0.00,192.5,282.0,10.0,0.260,712.5,0.0,2.75
1331759377000,1331759377000,40.112750,-88.228463,0.00,192.5,282.0,10.0,0.254,700.0,0.0,2.75
1331759378000,1331759378000,40.112750,-88.228463,0.00,192.5,282.0,10.0,0.254,700.0,0.0,2.75
1331759379000,1331759379000,40.112750,-88.228463,0.00,192.5,282.0,10.0,0.249,687.5,0.0,2.94
1331759380000,1331759380000,40.112750,-88.228463,0.00,192.5,282.0,10.0,0.249,687.5,0.0,2.94
1331759381000,1331759381000,40.112750,-88.228463,0.00,192.5,282.0,10.0,0.241,687.5,0.0,3.14
1331759382000,1331759382000,40.112750,-88.228463,0.00,192.5,282.0,10.0,0.229,681.2,0.0,2.94
1331759383000,1331759383000,40.112750,-88.228463,0.00,192.5,282.0,10.0,0.229,681.2,0.0,2.94
1331759384000,1331759384000,40.112750,-88.228463,0.00,192.5,282.0,10.0,0.220,675.0,0.0,2.94
1331759385000,1331759385000,40.112750,-88.228463,0.00,192.5,282.0,10.0,0.224,675.0,0.0,3.14
1331759386000,1331759386000,40.112750,-88.228463,0.00,192.5,282.0,10.0,0.224,675.0,0.0,3.14
1331759387000,1331759387000,40.112750,-88.228463,0.00,192.5,282.0,10.0,0.226,675.0,0.0,3.14
1331759388000,1331759388000,40.112750,-88.228463,0.00,192.5,282.0,10.0,0.219,668.7,0.0,2.94
1331759389000,1331759389000,40.112750,-88.228463,0.00,192.5,282.0,10.0,0.219,668.7,0.0,2.94
1331759390000,1331759390000,40.112750,-88.228463,0.00,192.5,282.0,10.0,0.214,662.5,0.0,2.75
1331759391000,1331759391000,40.112750,-88.228463,0.00,192.5,282.0,10.0,0.220,662.5,0.0,2.75
1331759392000,1331759392000,40.112750,-88.228463,0.00,192.5,282.0,10.0,0.220,662.5,0.0,2.75
1331759393000,1331759393000,40.112750,-88.228463,0.00,192.5,282.0,10.0,0.225,662.5,0.0,2.75
1331759394000,1331759394000,40.112750,-88.228463,0.00,192.5,282.0,10.0,0.225,662.5,0.0,2.75
1331759395000,1331759395000,40.112750,-88.228463,0.00,192.5,282.0,10.0,0.220,662.5,0.0,2.75
1331759396000,1331759396000,40.112750,-88.228463,0.00,192.5,282.0,10.0,0.217,662.5,1.0,2.75
1331759397000,1331759397000,40.112750,-88.228463,0.00,192.5,282.0,10.0,0.217,662.5,1.0,2.75
1331759398000,1331759398000,40.112750,-88.228463,0.00,192.5,282.0,10.0,0.219,668.7,3.0,2.75
1331759399000,1331759399000,40.112750,-88.228463,0.00,192.5,282.0,10.0,0.219,687.5,4.0,2.75
1331759400000,1331759400000,40.112750,-88.228463,0.00,192.5,282.0,10.0,0.219,687.5,4.0,2.75
1331759401000,1331759401000,40.112750,-88.228463,0.00,192.5,282.0,10.0,0.223,675.0,3.0,2.75
1331759402000,1331759402000,40.112750,-88.228463,0.00,192.5,282.0,10.0,0.228,656.2,1.0,2.75
1331759403000,1331759403000,40.112750,-88.228463,0.00,192.5,282.0,10.0,0.228,656.2,1.0,2.75
1331759404000,1331759404000,40.112750,-88.228463,0.00,192.5,282.0,10.0,0.235,712.5,0.0,2.94
1331759405000,1331759405000,40.112750,-88.228463,0.00,192.5,282.0,10.0,0.235,712.5,0.0,2.94
1331759406000,1331759406000,40.112771,-88.228559,2.44,193.9,278.0,10.0,0.524,1106.2,5.0,4.90
1331759407000,1331759407000,40.112770,-88.228599,3.57,194.0,271.0,10.0,0.881,1518.7,14.0,6.67
1331759408000,1331759408000,40.112773,-88.228646,3.88,194.2,274.0,10.0,0.881,1518.7,14.0,6.67
1331759409000,1331759409000,40.112773,-88.228704,5.32,194.3,269.0,10.0,0.970,1581.2,20.0,7.06
1331759410000,1331759410000,40.112771,-88.228774,6.32,194.2,269.0,10.0,1.003,1618.7,24.0,7.45
1331759411000,1331759411000,40.112769,-88.228853,6.94,194.2,267.0,10.0,1.003,1618.7,24.0,7.45
1331759412000,1331759412000,40.112763,-88.228942,7.63,194.1,268.0,10.0,0.881,1512.5,27.0,6.67
1331759413000,1331759413000,40.112758,-88.229042,8.26,194.1,271.0,10.0,0.641,1262.5,29.0,6.08
1331759414000,1331759414000,40.112756,-88.229141,8.32,194.2,271.0,10.0,0.641,1262.5,29.0,6.08
1331759415000,1331759415000,40.112753,-88.229245,8.38,194.1,271.0,10.0,0.396,1062.5,30.0,4.51
1331759416000,1331759416000,40.112750,-88.229347,8.26,194.2,270.0,10.0,0.236,893.7,30.0,2.75
1331759417000,1331759417000,40.112750,-88.229440,7.26,194.1,275.0,10.0,0.236,893.7,30.0,2.75
1331759418000,1331759418000,40.112751,-88.229532,7.88,194.2,272.0,10.0,0.302,956.2,29.0,2.94
1331759419000,1331759419000,40.112751,-88.229628,8.13,194.2,270.0,10.0,0.501,1206.2,29.0,4.31
1331759420000,1331759420000,40.112750,-88.229728,8.57,194.2,270.0,10.0,0.501,1206.2,29.0,4.31
1331759421000,1331759421000,40.112747,-88.229831,8.57,194.1,270.0,10.0,0.630,1331.2,31.0,5.49
1331759422000,1331759422000,40.112746,-88.229933,8.69,194.2,270.0,10.0,0.630,1331.2,31.0,5.49
1331759423000,1331759423000,40.112746,-88.230040,9.32,194.3,270.0,10.0,0.665,1387.5,33.0,5.29
1331759424000,1331759424000,40.112744,-88.230151,9.51,194.6,266.0,10.0,0.751,1475.0,35.0,5.69
1331759425000,1331759425000,40.112739,-88.230264,9.57,194.7,268.0,10.0,0.751,1475.0,35.0,5.69
1331759426000,1331759426000,40.112735,-88.230377,9.88,194.8,269.0,10.0,0.886,1556.2,37.0,6.27
1331759427000,1331759427000,40.112730,-88.230493,10.13,194.8,270.0,10.0,0.889,1462.5,38.0,6.47
1331759428000,1331759428000,40.112729,-88.230617,10.70,194.9,270.0,10.0,0.889,1462.5,38.0,6.47
1331759429000,1331759429000,40.112730,-88.230747,10.82,195.1,270.0,10.0,0.596,1200.0,38.0,5.10
1331759430000,1331759430000,40.112729,-88.230875,10.70,195.2,269.0,10.0,0.330,1037.5,38.0,3.14
1331759431000,1331759431000,40.112728,-88.231003,10.70,195.3,268.0,10.0,0.330,1037.5,38.0,3.14
1331759432000,1331759432000,40.112724,-88.231129,10.51,195.5,268.0,10.0,0.330,1012.5,38.0,2.75
1331759433000,1331759433000,40.112722,-88.231253,10.45,195.6,268.0,10.0,0.324,993.7,38.0,2.55
1331759434000,1331759434000,40.112721,-88.231375,10.38,195.8,270.0,10.0,0.324,993.7,38.0,2.55
1331759435000,1331759435000,40.112722,-88.231499,10.38,195.8,270.0,10.0,0.485,1150.0,38.0,4.12
1331759436000,1331759436000,40.112719,-88.231624,10.57,195.7,268.0,10.0,0.690,1306.2,39.0,5.88
1331759437000,1331759437000,40.112716,-88.231753,10.82,195.6,268.0,10.0,0.690,1306.2,39.0,5.88
1331759438000,1331759438000,40.112712,-88.231883,10.95,195.5,269.0,10.0,0.485,1143.7,40.0,4.12
1331759439000,1331759439000,40.112708,-88.232014,10.88,195.3,269.0,10.0,0.485,1143.7,40.0,4.12
1331759440000,1331759440000,40.112706,-88.232144,10.76,195.0,269.0,10.0,0.319,1031.2,39.0,2.94
1331759441000,1331759441000,40.112704,-88.232272,10.63,194.9,269.0,10.0,0.440,1131.2,38.0,4.31
1331759442000,1331759442000,40.112702,-88.232400,10.63,194.6,268.0,10.0,0.440,1131.2,38.0,4.31
1331759443000,1331759443000,40.112698,-88.232526,10.63,194.5,268.0,10.0,0.663,1312.5,39.0,5.69
1331759444000,1331759444000,40.112695,-88.232655,10.82,194.5,268.0,10.0,0.824,1431.2,40.0,6.47
1331759445000,1331759445000,40.112697,-88.232785,11.07,194.9,270.0,10.0,0.824,1431.2,40.0,6.47
1331759446000,1331759446000,40.112701,-88.232916,11.01,195.2,269.0,10.0,0.569,1225.0,40.0,4.71
1331759447000,1331759447000,40.112700,-88.233045,10.95,195.2,268.0,10.0,0.258,931.2,37.0,2.94
1331759448000,1331759448000,40.112698,-88.233172,10.51,195.3,267.0,10.0,0.258,931.2,37.0,2.94
1331759449000,1331759449000,40.112701,-88.233286,8.82,195.3,269.0,10.0,0.245,856.2,29.0,2.94
1331759450000,1331759450000,40.112704,-88.233379,6.88,195.3,270.0,10.0,0.265,925.0,21.0,2.75
1331759451000,1331759451000,40.112707,-88.233456,5.82,195.3,275.0,10.0,0.265,925.0,21.0,2.75
1331759452000,1331759452000,40.112721,-88.233516,5.13,194.8,289.0,10.0,0.270,1037.5,18.0,2.75
1331759453000,1331759453000,40.112746,-88.233558,4.38,194.6,305.0,10.0,0.673,1337.5,19.0,5.69
1331759454000,1331759454000,40.112781,-88.233580,4.07,194.8,332.0,10.0,0.673,1337.5,19.0,5.69
1331759455000,1331759455000,40.112824,-88.233576,4.32,194.7,356.0,10.0,1.084,1643.7,22.0,8.43
1331759456000,1331759456000,40.112883,-88.233555,6.13,194.6,8.0,10.0,1.111,1693.7,26.0,8.24
1331759457000,1331759457000,40.112949,-88.233537,7.32,194.4,10.0,10.0,1.111,1693.7,26.0,8.24
1331759458000,1331759458000,40.113026,-88.233515,8.13,194.2,8.0,10.0,0.730,1381.2,28.0,5.29
1331759459000,1331759459000,40.113102,-88.233503,8.26,194.0,4.0,10.0,0.730,1381.2,28.0,5.29
1331759460000,1331759460000,40.113179,-88.233496,7.88,193.9,2.0,10.0,0.282,956.2,28.0,2.55
1331759461000,1331759461000,40.113253,-88.233491,7.82,193.9,2.0,10.0,0.253,887.5,26.0,2.75
1331759462000,1331759462000,40.113325,-88.233484,7.32,193.9,4.0,10.0,0.253,887.5,26.0,2.75
1331759463000,1331759463000,40.113387,-88.233473,5.94,193.9,11.0,10.0,0.269,962.5,20.0,2.75
1331759464000,1331759464000,40.113433,-88.233454,4.63,193.6,19.0,10.0,0.272,893.7,14.0,2.75
1331759465000,1331759465000,40.113463,-88.233423,3.75,193.8,39.0,10.0,0.272,893.7,14.0,2.75
1331759466000,1331759466000,40.113472,-88.233383,3.50,193.8,70.0,10.0,0.270,800.0,12.0,2.75
1331759467000,1331759467000,40.113465,-88.233344,2.88,193.5,76.0,10.0,0.402,1000.0,13.0,3.92
1331759468000,1331759468000,40.113468,-88.233295,3.13,193.1,92.0,10.0,0.402,1000.0,13.0,3.92
1331759469000,1331759469000,40.113471,-88.233248,3.50,192.8,87.0,10.0,0.540,1206.2,15.0,5.29
1331759470000,1331759470000,40.113477,-88.233191,4.38,192.7,85.0,10.0,0.437,1168.7,17.0,4.71
1331759471000,1331759471000,40.113484,-88.233121,4.82,192.6,86.0,10.0,0.437,1168.7,17.0,4.71
1331759472000,1331759472000,40.113491,-88.233052,5.13,192.2,85.0,10.0,0.290,1018.7,18.0,3.33
1331759473000,1331759473000,40.113499,-88.232987,5.19,191.7,85.0,10.0,0.436,1112.5,19.0,3.92
1331759474000,1331759474000,40.113507,-88.232919,5.19,191.3,85.0,10.0,0.436,1112.5,19.0,3.92
1331759475000,1331759475000,40.113513,-88.232850,5.57,191.1,87.0,10.0,0.638,1350.0,21.0,5.29
1331759476000,1331759476000,40.113516,-88.232780,6.00,191.0,87.0,10.0,0.608,1425.0,23.0,5.49
1331759477000,1331759477000,40.113518,-88.232706,6.57,190.7,90.0,10.0,0.608,1425.0,23.0,5.49
1331759478000,1331759478000,40.113517,-88.232627,6.76,190.6,92.0,10.0,0.436,1300.0,24.0,4.12
1331759479000,1331759479000,40.113518,-88.232548,6.69,190.5,92.0,10.0,0.266,962.5,24.0,2.75
1331759480000,1331759480000,40.113516,-88.232469,6.69,190.5,92.0,10.0,0.266,962.5,24.0,2.75
1331759481000,1331759481000,40.113515,-88.232390,6.51,190.3,89.0,10.0,0.246,893.7,22.0,2.75
1331759482000,1331759482000,40.113513,-88.232314,6.25,190.1,93.0,10.0,0.246,893.7,22.0,2.75
1331759483000,1331759483000,40.113509,-88.232245,5.25,190.0,89.0,10.0,0.266,943.7,17.0,2.75
1331759484000,1331759484000,40.113509,-88.232191,3.75,189.9,87.0,10.0,0.266,831.2,10.0,2.75
1331759485000,1331759485000,40.113509,-88.232156,2.19,190.0,86.0,10.0,0.266,831.2,10.0,2.75
1331759486000,1331759486000,40.113507,-88.232131,2.06,190.4,85.0,10.0,0.490,1075.0,7.0,4.51
1331759487000,1331759487000,40.113512,-88.232102,2.50,190.5,78.0,10.0,0.829,1531.2,11.0,6.67
1331759488000,1331759488000,40.113528,-88.232073,3.57,190.4,49.0,10.0,0.829,1531.2,11.0,6.67
1331759489000,1331759489000,40.113561,-88.232046,4.44,190.4,28.0,10.0,0.928,1593.7,17.0,7.06
1331759490000,1331759490000,40.113603,-88.232027,5.19,190.3,15.0,10.0,0.913,1518.7,21.0,6.86
1331759491000,1331759491000,40.113653,-88.232018,6.13,190.4,5.0,10.0,0.913,1518.7,21.0,6.86
1331759492000,1331759492000,40.113713,-88.232017,6.57,190.4,2.0,10.0,0.911,1587.5,24.0,6.67
1331759493000,1331759493000,40.113774,-88.232018,6.76,190.7,0.0,10.0,0.911,1587.5,24.0,6.67
1331759494000,1331759494000,40.113839,-88.232025,7.32,190.9,358.0,10.0,0.982,1606.2,27.0,7.06
1331759495000,1331759495000,40.113907,-88.232035,7.51,191.0,358.0,10.0,1.090,1600.0,29.0,8.04
1331759496000,1331759496000,40.113980,-88.232045,8.19,190.8,359.0,10.0,1.090,1600.0,29.0,8.04
1331759497000,1331759497000,40.114059,-88.232050,8.63,190.7,359.0,10.0,1.084,1525.0,31.0,8.43
1331759498000,1331759498000,40.114139,-88.232057,8.88,190.7,359.0,10.0,0.649,1200.0,29.0,5.49
1331759499000,1331759499000,40.114217,-88.232059,8.26,191.0,0.0,10.0,0.649,1200.0,29.0,5.49
1331759500000,1331759500000,40.114283,-88.232060,6.69,191.0,0.0,10.0,0.262,931.2,21.0,2.75
1331759501000,1331759501000,40.114332,-88.232058,4.82,191.1,0.0,10.0,0.267,868.7,12.0,2.75
1331759502000,1331759502000,40.114365,-88.232058,2.94,191.3,0.0,10.0,0.267,868.7,12.0,2.75
1331759503000,1331759503000,40.114389,-88.232057,2.19,191.3,359.0,10.0,0.394,1043.7,8.0,3.92
1331759504000,1331759504000,40.114410,-88.232058,2.19,191.2,359.0,10.0,0.394,1043.7,8.0,3.92
1331759505000,1331759505000,40.114437,-88.232059,3.25,191.4,358.0,10.0,0.691,1462.5,11.0,5.88
1331759506000,1331759506000,40.114473,-88.232062,4.38,191.6,0.0,10.0,0.861,1568.7,17.0,6.67
