1509751276000,1509751274608,40.114510,-88.223511,10.50,188.0,268.7,6.0,0.273,1267.0,31.3,12.68
1509751277000,1509751275610,40.114515,-88.223611,9.25,188.0,268.8,6.0,0.278,1307.0,28.0,13.07
1509751278000,1509751276610,40.114510,-88.223673,7.00,186.0,269.5,6.0,0.250,1182.3,23.3,12.68
1509751279000,1509751277616,40.114514,-88.223730,5.50,185.0,270.9,5.0,0.249,1169.0,19.0,12.55
1509751280000,1509751278609,40.114516,-88.223781,4.50,185.0,269.2,6.0,0.261,1095.0,15.0,12.55
1509751281000,1509751279610,40.114520,-88.223825,3.75,185.0,270.8,5.0,0.297,936.0,12.7,12.81
1509751282000,1509751280609,40.114519,-88.223867,3.25,185.0,270.1,5.0,0.866,1038.0,12.0,15.16
1509751283000,1509751281601,40.114525,-88.223929,4.00,188.0,264.3,5.0,1.323,1374.0,15.2,21.08
1509751284000,1509751282612,40.114491,-88.223990,5.25,187.0,231.0,4.0,1.754,1531.0,20.7,25.10
1509751285000,1509751283608,40.114435,-88.224027,7.50,188.0,202.4,4.0,1.961,1816.0,25.3,25.62
1509751286000,1509751284601,40.114373,-88.224060,7.50,189.0,202.4,4.0,1.643,2034.3,29.7,25.49
1509751287000,1509751285610,40.114281,-88.224041,9.00,187.0,179.5,3.0,0.738,1631.3,32.0,22.22
1509751288000,1509751286648,40.114203,-88.224046,8.50,188.0,178.2,4.0,1.248,1482.0,33.0,19.87
1509751289000,1509751287601,40.114125,-88.224043,8.50,188.0,178.2,6.0,0.803,1532.7,34.0,19.22
1509751290000,1509751288629,40.114035,-88.224040,9.50,185.0,180.0,3.0,0.985,1546.3,34.3,16.99
1509751291000,1509751289609,40.113941,-88.224040,9.50,185.0,179.2,4.0,0.739,1596.0,35.3,17.78
1509751292000,1509751290601,40.113853,-88.224038,9.50,185.0,179.2,5.0,0.393,1580.3,35.0,14.90
1509751293000,1509751291607,40.113759,-88.224044,9.00,184.0,180.0,4.0,0.324,1486.7,32.5,13.63
1509751294000,1509751292785,40.113674,-88.224069,8.25,184.0,180.3,4.0,0.428,1385.3,30.3,13.33
1509751295000,1509751293641,40.113599,-88.224069,8.25,183.0,180.3,4.0,1.019,1361.3,29.7,16.34
1509751296000,1509751294640,40.113515,-88.224064,8.50,183.0,179.3,4.0,0.897,1395.0,30.7,20.00
1509751297000,1509751295609,40.113433,-88.224058,8.50,184.0,178.7,4.0,0.400,1366.7,30.2,15.59
1509751298000,1509751296631,40.113357,-88.224051,8.00,186.0,180.7,3.0,0.294,1280.3,28.3,13.46
1509751299000,1509751297615,40.113300,-88.224038,7.25,187.0,180.3,3.0,0.258,1197.7,26.3,12.81
1509751300000,1509751298608,40.113243,-88.224039,6.25,187.0,180.1,3.0,0.241,1131.7,23.2,12.55
1509751301000,1509751299608,40.113185,-88.224049,5.25,186.0,180.3,3.0,0.235,1099.7,19.7,12.42
1509751302000,1509751300613,40.113148,-88.224061,4.50,186.0,179.2,3.0,0.233,1098.7,16.3,12.55
1509751303000,1509751301601,40.113108,-88.224060,4.50,186.0,179.2,4.0,0.242,962.7,14.0,12.55
1509751304000,1509751302601,40.113069,-88.224051,3.75,187.0,173.4,4.0,0.273,802.3,12.7,12.94
1509751305000,1509751303619,40.113042,-88.224061,3.00,187.0,180.1,3.0,0.283,762.0,11.0,12.94
1509751306000,1509751304614,40.113014,-88.224061,3.00,187.0,180.1,5.0,0.328,767.2,8.8,13.24
1509751307000,1509751305607,40.112999,-88.224051,2.50,187.0,175.7,5.0,0.342,829.7,7.2,13.63
1509751308000,1509751306604,40.112969,-88.224052,2.50,188.0,187.5,6.0,0.340,853.7,7.7,13.73
1509751309000,1509751307640,40.112949,-88.224050,2.25,187.0,179.6,9.0,0.334,873.0,8.0,13.46
1509751310000,1509751308616,40.112929,-88.224048,2.25,188.0,176.3,10.0,0.333,865.5,7.0,13.33
1509751311000,1509751309614,40.112915,-88.224046,1.75,187.0,173.3,12.0,0.339,819.3,4.0,13.46
1509751312000,1509751310619,40.112904,-88.224041,1.50,187.0,163.8,14.0,0.344,855.0,1.5,13.63
1509751313000,1509751311631,40.112895,-88.224041,1.25,187.0,169.3,15.0,0.332,858.0,0.0,13.63
1509751314000,1509751312614,40.112894,-88.224040,0.50,187.0,169.3,15.0,0.306,850.3,0.0,13.33
1509751315000,1509751313631,40.112893,-88.224039,0.25,186.0,169.3,17.0,0.307,842.2,0.0,13.33
1509751316000,1509751314617,40.112893,-88.224038,0.25,186.0,169.3,17.0,0.310,845.3,0.0,13.33
1509751317000,1509751315625,40.112892,-88.224040,0.25,185.0,169.3,17.0,0.307,843.3,0.0,13.33
1509751318000,1509751316631,40.112892,-88.224043,0.25,183.0,169.3,14.0,0.355,845.7,0.0,13.33
1509751319000,1509751317614,40.112892,-88.224065,0.00,184.0,NaN,11.0,0.495,859.0,0.3,14.64
1509751320000,1509751318631,40.112889,-88.224072,0.25,184.0,169.3,11.0,0.675,863.2,2.8,14.90
1509751321000,1509751319611,40.112881,-88.224074,1.00,184.0,180.8,8.0,1.378,1282.3,7.7,19.74
1509751322000,1509751320625,40.112864,-88.224078,1.50,183.0,190.0,7.0,2.069,1848.2,15.2,24.12
1509751323000,1509751321626,40.112828,-88.224092,3.75,184.0,195.6,6.0,2.405,1880.7,22.0,27.71
1509751324000,1509751322627,40.112780,-88.224166,7.25,182.0,224.6,5.0,2.496,2073.2,29.2,28.92
1509751325000,1509751323629,40.112794,-88.224316,9.00,183.0,265.7,4.0,2.056,2187.0,33.7,26.67
1509751326000,1509751324623,40.112790,-88.224409,9.00,182.0,267.1,5.0,0.599,1643.2,34.0,19.31
1509751327000,1509751325622,40.112791,-88.224500,9.25,181.0,269.7,5.0,0.564,1481.3,32.3,13.46
1509751328000,1509751326627,40.112793,-88.224630,9.00,181.0,268.9,5.0,0.911,1473.5,32.0,16.96
1509751329000,1509751327610,40.112793,-88.224749,9.25,181.0,268.7,5.0,0.717,1482.7,32.7,17.65
1509751330000,1509751328633,40.112792,-88.224864,9.00,182.0,269.2,4.0,1.080,1489.7,32.5,17.45
1509751331000,1509751329651,40.112797,-88.224972,9.50,183.0,270.1,3.0,1.100,1545.7,34.0,22.48
1509751332000,1509751330619,40.112802,-88.225091,9.75,182.0,270.1,3.0,0.474,1546.0,34.0,16.18
1509751333000,1509751331623,40.112803,-88.225179,8.75,183.0,269.9,3.0,0.292,1359.7,29.3,13.33
1509751334000,1509751332619,40.112808,-88.225256,7.25,183.0,270.3,3.0,0.269,1248.7,24.8,13.04
1509751335000,1509751333621,40.112803,-88.225318,6.25,184.0,270.0,3.0,0.272,1243.0,20.7,12.94
1509751336000,1509751334619,40.112803,-88.225379,4.75,184.0,270.8,3.0,0.254,1148.3,15.7,12.94
1509751337000,1509751335605,40.112801,-88.225410,3.50,184.0,269.2,3.0,0.293,910.7,10.2,12.94
1509751338000,1509751336619,40.112804,-88.225420,1.50,185.0,268.8,3.0,0.323,819.3,4.7,13.33
1509751339000,1509751337610,40.112805,-88.225430,1.25,183.0,269.5,3.0,0.339,854.7,3.8,13.53
1509751340000,1509751338623,40.112810,-88.225435,0.75,184.0,271.2,3.0,0.344,861.0,2.0,13.73
1509751341000,1509751339609,40.112813,-88.225439,0.50,184.0,271.2,3.0,0.613,860.5,1.5,13.92
1509751342000,1509751340646,40.112817,-88.225448,1.00,184.0,276.0,3.0,1.177,1275.0,5.7,19.35
1509751343000,1509751341643,40.112817,-88.225463,1.50,184.0,270.1,4.0,1.373,1608.0,12.5,20.59
1509751344000,1509751342622,40.112817,-88.225533,4.50,185.0,268.9,3.0,1.395,1796.3,17.7,22.48
1509751345000,1509751343635,40.112815,-88.225601,5.50,184.0,271.0,3.0,0.519,1437.0,19.5,17.84
1509751346000,1509751344616,40.112814,-88.225669,5.25,184.0,270.0,3.0,0.284,1320.0,18.0,12.94
1509751347000,1509751345632,40.112813,-88.225719,4.75,184.0,268.9,3.0,0.249,1154.7,15.5,12.84
1509751348000,1509751346625,40.112810,-88.225769,4.00,184.0,269.6,3.0,0.245,1027.0,13.7,12.42
1509751349000,1509751347622,40.112809,-88.225812,3.75,185.0,268.5,3.0,0.256,958.7,12.8,12.75
1509751350000,1509751348614,40.112811,-88.225854,3.50,185.0,271.2,3.0,0.265,908.3,12.0,12.81
1509751351000,1509751349617,40.112810,-88.225896,3.25,186.0,268.6,3.0,0.376,882.0,12.0,12.94
1509751352000,1509751350631,40.112814,-88.225942,3.50,186.0,265.8,3.0,0.771,1020.2,13.2,15.98
1509751353000,1509751351621,40.112811,-88.225996,4.50,186.0,267.2,3.0,0.908,1201.3,16.7,18.17
1509751354000,1509751352609,40.112804,-88.226054,5.00,187.0,266.4,3.0,0.799,1407.0,19.5,17.94
1509751355000,1509751353620,40.112805,-88.226122,6.00,187.0,268.5,3.0,0.663,1548.0,21.7,16.86
1509751356000,1509751354633,40.112797,-88.226188,6.00,189.0,266.8,3.0,0.613,1608.5,22.2,15.69
1509751357000,1509751355631,40.112793,-88.226253,6.00,190.0,265.0,4.0,1.312,1707.0,24.0,18.56
1509751358000,1509751356621,40.112790,-88.226344,7.25,191.0,267.1,4.0,1.693,1970.7,27.8,23.63
1509751359000,1509751357626,40.112794,-88.226441,8.25,192.0,268.3,4.0,1.736,2020.7,31.0,23.53
1509751360000,1509751358633,40.112792,-88.226562,9.25,191.0,268.2,4.0,1.615,1635.2,34.5,23.82
1509751361000,1509751359629,40.112790,-88.226691,10.25,192.0,269.6,5.0,1.593,1720.7,38.0,23.53
1509751362000,1509751360637,40.112795,-88.226843,11.25,189.0,269.6,5.0,1.040,1707.7,40.3,22.22
1509751363000,1509751361633,40.112796,-88.226981,11.50,189.0,269.7,5.0,0.431,1308.5,40.2,15.10
1509751364000,1509751362624,40.112786,-88.227113,11.00,190.0,267.9,5.0,0.893,1255.3,39.7,16.47
1509751365000,1509751363632,40.112789,-88.227251,11.25,189.0,269.3,5.0,0.920,1288.7,40.7,18.69
1509751366000,1509751364609,40.112788,-88.227396,11.75,190.0,268.0,4.0,0.830,1321.7,41.7,18.82
1509751367000,1509751365619,40.112788,-88.227536,12.00,190.0,269.7,10.0,0.451,1325.0,42.0,17.45
1509751368000,1509751366611,40.112792,-88.227671,11.75,190.0,268.6,9.0,0.287,1293.7,41.0,13.99
1509751369000,1509751367608,40.112793,-88.227805,11.25,190.0,268.6,10.0,0.267,1239.0,39.3,12.94
1509751370000,1509751368639,40.112789,-88.227937,11.00,190.0,266.9,10.0,0.254,1180.7,38.0,12.81
1509751371000,1509751369627,40.112781,-88.228054,10.50,189.0,265.2,10.0,0.251,1162.7,35.7,12.55
1509751372000,1509751370655,40.112771,-88.228178,10.25,189.0,265.4,11.0,0.295,1374.0,33.0,12.94
1509751373000,1509751371623,40.112773,-88.228270,9.00,189.0,265.6,10.0,0.302,1422.7,31.0,13.33
1509751374000,1509751372632,40.112769,-88.228358,8.25,188.0,266.0,10.0,0.286,1331.0,29.0,13.20
1509751375000,1509751373633,40.112763,-88.228441,7.75,187.0,266.3,10.0,0.262,1228.2,26.5,12.84
1509751376000,1509751374612,40.112764,-88.228530,7.00,184.0,267.9,9.0,0.251,1184.7,23.3,12.55
1509751377000,1509751375643,40.112761,-88.228620,6.00,183.0,267.0,9.0,0.254,1186.3,20.3,12.68
1509751378000,1509751376649,40.112762,-88.228694,5.25,182.0,267.1,9.0,0.253,1178.7,17.2,12.65
1509751379000,1509751377628,40.112766,-88.228737,4.00,181.0,269.6,9.0,0.261,1052.7,13.7,12.42
1509751380000,1509751378624,40.112760,-88.228767,3.25,181.0,268.7,10.0,0.293,868.3,11.0,12.81
1509751381000,1509751379615,40.112756,-88.228791,2.25,181.0,266.2,9.0,0.295,786.0,8.0,13.07
1509751382000,1509751380631,40.112749,-88.228823,1.75,182.0,262.0,10.0,0.298,778.0,4.7,13.20
1509751383000,1509751381617,40.112754,-88.228835,1.50,182.0,266.4,10.0,0.990,1100.7,5.3,18.17
1509751384000,1509751382648,40.112742,-88.228875,3.25,183.0,257.2,10.0,2.064,1458.7,12.0,28.43
1509751385000,1509751383617,40.112720,-88.228937,5.25,183.0,241.0,10.0,2.746,1828.7,21.7,34.90
1509751386000,1509751384615,40.112641,-88.228977,7.50,184.0,208.3,10.0,3.088,2165.3,30.7,32.16
