1331770784000,1331770784000,40.111529,-88.223981,9.45,196.7,359.0,10.0,0.881,1487.5,32.0,6.86
1331770785000,1331770785000,40.111612,-88.223984,8.76,196.7,357.0,10.0,0.643,1400.0,33.0,6.67
1331770786000,1331770786000,40.111697,-88.223990,9.38,196.9,0.0,10.0,0.405,1312.5,34.0,5.10
1331770787000,1331770787000,40.111785,-88.223983,9.26,196.7,1.0,10.0,0.339,1168.7,34.0,3.14
1331770788000,1331770788000,40.111867,-88.223982,8.51,196.6,359.0,10.0,0.271,1025.0,32.0,2.75
1331770789000,1331770789000,40.111947,-88.223978,8.38,195.9,2.0,10.0,0.271,1025.0,32.0,2.75
1331770790000,1331770790000,40.112027,-88.223968,8.19,194.7,1.0,10.0,0.242,1025.0,29.0,2.94
1331770791000,1331770791000,40.112103,-88.223963,7.82,193.9,0.0,10.0,0.240,1025.0,28.0,3.14
1331770792000,1331770792000,40.112183,-88.223956,7.38,193.4,359.0,10.0,0.239,918.7,27.0,3.33
1331770793000,1331770793000,40.112257,-88.223956,7.26,193.2,358.0,10.0,0.239,918.7,27.0,3.33
1331770794000,1331770794000,40.112324,-88.223954,6.88,193.0,0.0,10.0,0.261,856.2,24.0,3.33
1331770795000,1331770795000,40.112387,-88.223951,6.25,192.9,1.0,10.0,0.284,950.0,19.0,3.14
1331770796000,1331770796000,40.112441,-88.223947,4.94,192.7,6.0,10.0,0.284,950.0,19.0,3.14
1331770797000,1331770797000,40.112478,-88.223945,3.50,192.3,4.0,10.0,0.281,1000.0,13.0,3.14
1331770798000,1331770798000,40.112506,-88.223949,2.94,192.2,1.0,10.0,0.360,1000.0,10.0,3.14
1331770799000,1331770799000,40.112533,-88.223959,3.00,192.0,345.0,10.0,0.489,1056.2,11.0,4.51
1331770800000,1331770800000,40.112563,-88.223959,3.19,191.8,358.0,10.0,0.612,1187.5,12.0,5.88
1331770801000,1331770801000,40.112594,-88.223959,3.50,191.6,359.0,10.0,0.612,1187.5,12.0,5.88
1331770802000,1331770802000,40.112627,-88.223953,4.00,191.7,7.0,10.0,0.612,1187.5,12.0,5.88
1331770803000,1331770803000,40.112666,-88.223928,4.57,191.4,18.0,10.0,0.511,1118.7,14.0,4.31
1331770804000,1331770804000,40.112701,-88.223893,4.13,191.4,37.0,10.0,0.586,975.0,16.0,4.71
1331770805000,1331770805000,40.112720,-88.223844,4.25,190.6,61.0,10.0,0.586,975.0,16.0,4.71
1331770806000,1331770806000,40.112727,-88.223789,4.50,190.1,78.0,10.0,0.586,975.0,16.0,4.71
1331770807000,1331770807000,40.112736,-88.223732,5.07,189.9,81.0,10.0,0.850,975.0,19.0,6.67
1331770808000,1331770808000,40.112741,-88.223661,5.82,189.5,86.0,10.0,0.873,1293.7,22.0,6.67
1331770809000,1331770809000,40.112742,-88.223574,6.76,189.1,90.0,10.0,0.898,1612.5,25.0,6.47
1331770810000,1331770810000,40.112743,-88.223467,7.76,188.2,89.0,10.0,0.882,1531.2,29.0,6.47
1331770811000,1331770811000,40.112744,-88.223362,8.38,187.6,87.0,10.0,0.882,1531.2,29.0,6.47
1331770812000,1331770812000,40.112746,-88.223260,8.69,187.1,87.0,10.0,0.684,1450.0,31.0,6.08
1331770813000,1331770813000,40.112751,-88.223152,9.07,186.6,88.0,10.0,0.398,1231.2,32.0,4.31
1331770814000,1331770814000,40.112754,-88.223042,9.07,186.3,89.0,10.0,0.398,1231.2,32.0,4.31
1331770815000,1331770815000,40.112758,-88.222933,9.01,185.9,90.0,10.0,0.259,925.0,32.0,3.14
1331770816000,1331770816000,40.112765,-88.222823,9.07,185.5,88.0,10.0,0.586,1187.5,32.0,3.14
1331770817000,1331770817000,40.112772,-88.222710,9.45,185.1,88.0,10.0,0.948,1556.2,34.0,5.49
1331770818000,1331770818000,40.112779,-88.222590,9.95,184.8,89.0,10.0,0.980,1606.2,37.0,7.65
1331770819000,1331770819000,40.112782,-88.222463,10.57,184.8,88.0,10.0,0.980,1606.2,37.0,7.65
1331770820000,1331770820000,40.112785,-88.222331,11.07,185.1,89.0,10.0,0.959,1556.2,40.0,7.25
1331770821000,1331770821000,40.112781,-88.222195,11.26,185.6,91.0,10.0,0.959,1556.2,40.0,7.25
1331770822000,1331770822000,40.112779,-88.222056,11.70,185.8,90.0,10.0,0.884,1450.0,42.0,6.67
1331770823000,1331770823000,40.112777,-88.221913,12.07,185.7,89.0,10.0,0.593,1425.0,41.0,4.31
1331770824000,1331770824000,40.112777,-88.221770,12.01,185.6,89.0,10.0,0.593,1425.0,41.0,4.31
1331770825000,1331770825000,40.112777,-88.221627,11.76,185.4,89.0,10.0,0.593,1425.0,41.0,4.31
1331770826000,1331770826000,40.112774,-88.221488,11.51,185.6,90.0,10.0,0.593,1425.0,41.0,4.31
1331770827000,1331770827000,40.112771,-88.221351,11.45,185.8,90.0,10.0,0.593,1425.0,41.0,4.31
1331770828000,1331770828000,40.112767,-88.221215,11.38,186.1,90.0,10.0,0.593,1425.0,41.0,4.31
1331770829000,1331770829000,40.112765,-88.221081,11.32,186.4,92.0,10.0,0.593,1425.0,41.0,4.31
1331770830000,1331770830000,40.112762,-88.220949,11.32,186.8,91.0,10.0,0.300,1425.0,40.0,2.75
1331770831000,1331770831000,40.112768,-88.220818,11.13,186.7,90.0,10.0,0.252,1168.7,39.0,3.14
1331770832000,1331770832000,40.112769,-88.220691,10.95,186.9,91.0,10.0,0.252,1168.7,39.0,3.14
1331770833000,1331770833000,40.112772,-88.220568,10.63,186.6,91.0,10.0,0.252,1168.7,39.0,3.14
1331770834000,1331770834000,40.112771,-88.220448,10.38,186.5,91.0,10.0,0.245,912.5,38.0,3.14
1331770835000,1331770835000,40.112768,-88.220329,10.26,186.5,90.0,10.0,0.398,1043.7,37.0,4.12
1331770836000,1331770836000,40.112766,-88.220212,10.07,186.7,91.0,10.0,0.398,1043.7,37.0,4.12
1331770837000,1331770837000,40.112764,-88.220096,10.01,186.8,91.0,10.0,0.398,1043.7,37.0,4.12
1331770838000,1331770838000,40.112762,-88.219980,10.01,186.8,92.0,10.0,0.398,1043.7,37.0,4.12
1331770839000,1331770839000,40.112761,-88.219863,10.07,186.8,91.0,10.0,0.655,1175.0,36.0,5.69
1331770840000,1331770840000,40.112761,-88.219744,10.20,186.9,90.0,10.0,0.630,1125.0,36.0,5.10
1331770841000,1331770841000,40.112760,-88.219624,10.32,186.9,91.0,10.0,0.630,1125.0,36.0,5.10
1331770842000,1331770842000,40.112758,-88.219502,10.45,186.8,90.0,10.0,0.630,1125.0,36.0,5.10
1331770843000,1331770843000,40.112756,-88.219380,10.45,186.8,91.0,10.0,0.630,1125.0,36.0,5.10
1331770844000,1331770844000,40.112755,-88.219258,10.38,186.7,90.0,10.0,0.421,1075.0,36.0,3.14
1331770845000,1331770845000,40.112752,-88.219138,10.32,186.5,91.0,10.0,0.421,1075.0,36.0,3.14
1331770846000,1331770846000,40.112755,-88.219015,10.26,186.6,90.0,10.0,0.292,1075.0,36.0,2.75
1331770847000,1331770847000,40.112758,-88.218894,10.20,186.6,90.0,10.0,0.292,1075.0,36.0,2.75
1331770848000,1331770848000,40.112762,-88.218774,10.07,186.8,89.0,10.0,0.366,1112.5,36.0,2.75
1331770849000,1331770849000,40.112764,-88.218656,10.07,187.0,89.0,10.0,0.653,1150.0,37.0,2.35
1331770850000,1331770850000,40.112766,-88.218536,10.38,187.2,89.0,10.0,0.765,1231.2,39.0,2.35
1331770851000,1331770851000,40.112771,-88.218411,10.76,187.4,88.0,10.0,0.765,1231.2,39.0,2.35
1331770852000,1331770852000,40.112777,-88.218282,11.07,187.5,88.0,10.0,0.765,1231.2,39.0,2.35
1331770853000,1331770853000,40.112778,-88.218151,11.20,187.5,89.0,10.0,0.517,1181.2,40.0,2.35
1331770854000,1331770854000,40.112780,-88.218020,11.13,187.6,90.0,10.0,0.328,1056.2,40.0,2.94
1331770855000,1331770855000,40.112781,-88.217889,11.20,187.6,89.0,10.0,0.338,1062.5,40.0,3.53
1331770856000,1331770856000,40.112783,-88.217758,11.01,187.7,90.0,10.0,0.347,1068.7,40.0,3.53
1331770857000,1331770857000,40.112784,-88.217629,11.01,187.4,90.0,10.0,0.334,1056.2,40.0,3.14
1331770858000,1331770858000,40.112783,-88.217499,11.07,187.2,90.0,10.0,0.334,1056.2,40.0,3.14
1331770859000,1331770859000,40.112783,-88.217369,11.07,187.2,89.0,10.0,0.334,1056.2,40.0,3.14
1331770860000,1331770860000,40.112785,-88.217237,11.07,187.3,89.0,10.0,0.284,1037.5,40.0,2.94
1331770861000,1331770861000,40.112787,-88.217106,10.95,187.4,89.0,10.0,0.247,1037.5,39.0,3.14
1331770862000,1331770862000,40.112788,-88.216978,10.76,187.4,89.0,10.0,0.247,1037.5,39.0,3.14
1331770863000,1331770863000,40.112790,-88.216852,10.63,187.3,89.0,10.0,0.245,975.0,38.0,3.14
1331770864000,1331770864000,40.112791,-88.216726,10.45,187.4,90.0,10.0,0.247,887.5,36.0,3.14
1331770865000,1331770865000,40.112791,-88.216605,9.82,187.6,90.0,10.0,0.247,887.5,36.0,3.14
1331770866000,1331770866000,40.112790,-88.216495,8.94,187.5,91.0,10.0,0.248,837.5,34.0,3.14
1331770867000,1331770867000,40.112790,-88.216401,7.94,187.1,89.0,10.0,0.272,818.7,23.0,2.94
1331770868000,1331770868000,40.112793,-88.216319,6.88,186.6,85.0,10.0,0.272,818.7,23.0,2.94
1331770869000,1331770869000,40.112801,-88.216245,6.32,186.5,83.0,10.0,0.272,818.7,23.0,2.94
1331770870000,1331770870000,40.112814,-88.216184,5.44,186.3,79.0,10.0,0.272,818.7,23.0,2.94
1331770871000,1331770871000,40.112826,-88.216134,4.44,186.1,75.0,10.0,0.272,818.7,23.0,2.94
1331770872000,1331770872000,40.112841,-88.216094,3.63,186.0,56.0,10.0,0.272,818.7,23.0,2.94
1331770873000,1331770873000,40.112865,-88.216072,3.38,185.6,34.0,10.0,0.364,825.0,12.0,2.75
1331770874000,1331770874000,40.112895,-88.216055,3.82,185.7,23.0,10.0,0.676,1131.2,12.0,2.75
1331770875000,1331770875000,40.112930,-88.216040,4.38,185.9,13.0,10.0,0.929,1437.5,15.0,5.10
1331770876000,1331770876000,40.112973,-88.216031,5.07,185.8,10.0,10.0,0.923,1556.2,23.0,6.86
1331770877000,1331770877000,40.113020,-88.216021,5.44,185.8,9.0,10.0,0.923,1556.2,23.0,6.86
1331770878000,1331770878000,40.113071,-88.216011,6.25,185.7,10.0,10.0,0.923,1556.2,23.0,6.86
1331770879000,1331770879000,40.113127,-88.216001,6.57,185.6,9.0,10.0,0.923,1556.2,23.0,6.86
1331770880000,1331770880000,40.113186,-88.215990,6.94,185.6,9.0,10.0,0.923,1556.2,23.0,6.86
1331770881000,1331770881000,40.113248,-88.215977,6.88,185.7,10.0,10.0,0.923,1556.2,23.0,6.86
1331770882000,1331770882000,40.113311,-88.215962,7.01,186.0,7.0,10.0,0.610,1375.0,28.0,6.27
1331770883000,1331770883000,40.113377,-88.215952,7.69,185.9,9.0,10.0,0.610,1375.0,28.0,6.27
1331770884000,1331770884000,40.113447,-88.215947,7.76,185.2,10.0,10.0,0.285,1012.5,28.0,6.27
1331770885000,1331770885000,40.113511,-88.215937,7.01,184.5,12.0,10.0,0.271,937.5,27.0,4.71
1331770886000,1331770886000,40.113578,-88.215924,7.07,184.2,11.0,10.0,0.271,937.5,27.0,4.71
1331770887000,1331770887000,40.113645,-88.215909,6.94,184.1,13.0,10.0,0.271,937.5,27.0,4.71
1331770888000,1331770888000,40.113710,-88.215890,6.82,184.1,14.0,10.0,0.286,925.0,25.0,3.14
1331770889000,1331770889000,40.113772,-88.215876,6.38,184.1,9.0,10.0,0.290,881.2,21.0,3.14
1331770890000,1331770890000,40.113825,-88.215864,5.38,184.3,12.0,10.0,0.290,893.7,17.0,3.14
1331770891000,1331770891000,40.113868,-88.215854,4.57,184.4,13.0,10.0,0.290,893.7,17.0,3.14
1331770892000,1331770892000,40.113908,-88.215842,4.32,184.5,14.0,10.0,0.287,887.5,16.0,3.14
1331770893000,1331770893000,40.113939,-88.215830,3.25,184.5,12.0,10.0,0.412,1062.5,14.0,4.12
1331770894000,1331770894000,40.113960,-88.215821,2.38,184.7,11.0,10.0,0.412,1062.5,14.0,4.12
1331770895000,1331770895000,40.113977,-88.215808,2.13,185.3,12.0,10.0,0.412,1062.5,14.0,4.12
1331770896000,1331770896000,40.113999,-88.215800,2.19,185.7,12.0,10.0,0.412,1062.5,14.0,4.12
1331770897000,1331770897000,40.114020,-88.215788,2.56,185.9,17.0,10.0,0.578,1418.7,13.0,4.90
1331770898000,1331770898000,40.114040,-88.215769,2.63,186.4,30.0,10.0,0.573,1537.5,14.0,4.90
1331770899000,1331770899000,40.114048,-88.215729,3.19,186.6,80.0,10.0,0.573,1537.5,14.0,4.90
1331770900000,1331770900000,40.114046,-88.215676,4.07,186.5,93.0,10.0,0.544,1387.5,16.0,4.90
1331770901000,1331770901000,40.114041,-88.215613,5.00,186.6,99.0,10.0,0.588,1237.5,20.0,4.90
1331770902000,1331770902000,40.114044,-88.215550,4.94,186.5,93.0,10.0,0.689,1368.7,23.0,5.29
1331770903000,1331770903000,40.114044,-88.215487,5.07,186.6,88.0,10.0,0.689,1368.7,23.0,5.29
1331770904000,1331770904000,40.114052,-88.215417,5.00,186.7,86.0,10.0,0.753,1500.0,24.0,5.29
1331770905000,1331770905000,40.114055,-88.215348,5.13,186.9,86.0,10.0,0.790,1500.0,26.0,5.49
1331770906000,1331770906000,40.114051,-88.215262,6.44,186.7,92.0,10.0,0.772,1437.5,28.0,5.88
1331770907000,1331770907000,40.114047,-88.215170,6.82,186.8,94.0,10.0,0.670,1350.0,28.0,5.49
1331770908000,1331770908000,40.114040,-88.215068,7.69,186.7,94.0,10.0,0.447,1137.5,30.0,4.12
1331770909000,1331770909000,40.114030,-88.214958,8.13,186.3,96.0,10.0,0.447,1137.5,30.0,4.12
