1509682464000,1509682462748,40.101429,-88.234914,9.75,189.0,89.2,3.0,0.436,1573.3,34.7,15.42
1509682465000,1509682463749,40.101431,-88.234798,9.50,189.0,88.9,3.0,0.391,1509.3,33.3,14.12
1509682466000,1509682464765,40.101431,-88.234689,9.00,189.0,89.4,3.0,0.511,1470.5,32.2,14.90
1509682467000,1509682465746,40.101432,-88.234592,9.00,189.0,90.0,3.0,0.400,1438.0,31.7,14.90
1509682468000,1509682466767,40.101433,-88.234485,8.50,189.0,90.4,3.0,0.313,1367.3,30.0,13.59
1509682469000,1509682467768,40.101432,-88.234387,8.25,189.0,90.6,3.0,0.501,1325.0,29.0,14.71
1509682470000,1509682468749,40.101430,-88.234290,8.25,189.0,90.6,3.0,0.480,1318.3,29.0,15.69
1509682471000,1509682469801,40.101430,-88.234202,7.75,188.0,90.5,3.0,0.284,1245.2,27.5,13.73
1509682472000,1509682470746,40.101426,-88.234119,7.25,188.0,90.5,3.0,0.250,1140.3,25.0,12.81
1509682473000,1509682471747,40.101424,-88.234043,6.50,188.0,90.4,3.0,0.234,1092.7,22.3,12.55
1509682474000,1509682472762,40.101420,-88.233979,5.75,188.0,90.0,3.0,0.229,1103.3,19.7,12.55
1509682475000,1509682473748,40.101419,-88.233926,4.75,187.0,89.7,3.0,0.229,1076.7,16.2,12.55
1509682476000,1509682474753,40.101418,-88.233879,4.00,187.0,89.6,3.0,0.213,916.3,13.7,12.29
1509682477000,1509682475752,40.101418,-88.233836,3.75,187.0,89.3,3.0,0.238,819.3,12.7,12.42
1509682478000,1509682476748,40.101418,-88.233795,3.50,186.0,89.3,3.0,0.256,799.0,11.7,12.68
1509682479000,1509682477743,40.101418,-88.233758,3.00,186.0,88.3,3.0,0.276,804.7,11.0,12.94
1509682480000,1509682478747,40.101417,-88.233720,3.00,186.0,88.7,3.0,0.302,852.0,10.3,13.20
1509682481000,1509682479746,40.101416,-88.233678,2.75,186.0,90.2,3.0,0.291,870.7,9.3,13.33
1509682482000,1509682480846,40.101415,-88.233647,2.50,186.0,91.0,3.0,0.277,844.5,9.0,13.14
1509682483000,1509682481764,40.101416,-88.233620,2.50,186.0,90.6,3.0,0.276,803.3,8.3,12.94
1509682484000,1509682482766,40.101416,-88.233593,2.25,186.0,90.3,3.0,0.273,786.7,7.3,12.94
1509682485000,1509682483758,40.101416,-88.233569,2.00,186.0,90.2,3.0,0.273,775.3,6.0,12.94
1509682486000,1509682484770,40.101415,-88.233547,2.00,185.0,90.9,3.0,0.990,1012.7,6.5,16.57
1509682487000,1509682485746,40.101413,-88.233521,2.25,186.0,98.9,3.0,1.365,1257.3,11.3,22.22
1509682488000,1509682486755,40.101402,-88.233488,2.75,185.0,117.9,3.0,1.331,1307.3,16.0,23.66
1509682489000,1509682487744,40.101353,-88.233439,6.00,186.0,158.5,3.0,1.422,1473.0,20.3,22.75
1509682490000,1509682488745,40.101290,-88.233423,7.50,186.0,169.9,3.0,1.637,1751.3,25.0,23.92
1509682491000,1509682489786,40.101225,-88.233408,7.50,186.0,169.9,4.0,1.810,2048.3,29.0,24.05
1509682492000,1509682490750,40.101129,-88.233405,9.25,186.0,179.8,3.0,1.414,1831.0,32.0,23.66
1509682493000,1509682491747,40.101057,-88.233395,9.25,189.0,179.2,3.0,0.473,1516.0,32.7,17.39
1509682494000,1509682492745,40.100972,-88.233392,9.00,189.0,178.9,3.0,0.298,1432.7,31.7,13.33
1509682495000,1509682493752,40.100896,-88.233395,8.25,189.0,180.0,3.0,0.293,1359.7,30.0,13.33
1509682496000,1509682494748,40.100828,-88.233401,7.50,188.0,180.0,4.0,0.266,1269.7,28.0,13.07
1509682497000,1509682495744,40.100760,-88.233388,6.75,188.0,179.4,4.0,0.241,1159.7,25.0,12.81
1509682498000,1509682496760,40.100708,-88.233394,6.00,188.0,179.7,4.0,0.231,1107.0,21.3,12.55
1509682499000,1509682497774,40.100657,-88.233388,4.75,189.0,173.1,3.0,0.233,1096.7,18.0,12.55
1509682500000,1509682498748,40.100606,-88.233377,4.75,189.0,164.5,3.0,0.811,1208.7,16.7,13.99
1509682501000,1509682499765,40.100572,-88.233358,4.25,190.0,143.2,4.0,0.935,1525.7,19.2,18.63
1509682502000,1509682500745,40.100542,-88.233303,6.00,192.0,128.5,3.0,0.605,1582.0,21.7,15.95
1509682503000,1509682501818,40.100521,-88.233233,7.00,192.0,106.6,3.0,1.055,1705.7,23.8,18.24
1509682504000,1509682502751,40.100504,-88.233155,7.00,192.0,106.6,4.0,1.419,1889.0,26.5,20.59
1509682505000,1509682503766,40.100514,-88.233056,8.50,192.0,90.6,4.0,1.762,2061.7,29.0,23.27
1509682506000,1509682504746,40.100516,-88.232953,9.25,191.0,89.0,4.0,1.489,1774.0,32.5,23.53
1509682507000,1509682505745,40.100518,-88.232837,10.00,191.0,89.1,4.0,1.465,1617.0,35.7,22.61
1509682508000,1509682506737,40.100519,-88.232717,10.00,191.0,89.1,5.0,1.500,1733.0,38.3,23.01
1509682509000,1509682507744,40.100520,-88.232569,11.50,191.0,88.5,3.0,1.342,1828.0,40.7,22.09
1509682510000,1509682508744,40.100522,-88.232440,11.50,190.0,88.8,3.0,0.587,1550.7,41.3,18.04
1509682511000,1509682509751,40.100518,-88.232309,11.25,190.0,89.8,3.0,0.267,1247.0,40.0,12.81
1509682512000,1509682510750,40.100523,-88.232179,10.75,189.0,89.3,3.0,0.267,1212.3,38.7,12.94
1509682513000,1509682511833,40.100526,-88.232053,10.25,189.0,89.8,3.0,0.248,1163.2,36.5,12.65
1509682514000,1509682512783,40.100522,-88.231940,9.75,189.0,89.2,3.0,0.371,1348.3,34.0,12.81
1509682515000,1509682513760,40.100524,-88.231826,9.75,189.0,89.2,4.0,0.717,1520.3,33.0,15.42
1509682516000,1509682514752,40.100507,-88.231708,9.25,185.0,89.3,3.0,0.807,1538.0,33.7,17.12
1509682517000,1509682515744,40.100511,-88.231603,9.75,185.0,89.5,3.0,0.818,1565.3,34.3,17.52
1509682518000,1509682516745,40.100509,-88.231489,10.00,184.0,89.1,3.0,0.826,1593.0,35.0,17.65
1509682519000,1509682517814,40.100512,-88.231378,10.00,184.0,90.2,3.0,0.838,1625.3,35.7,17.65
1509682520000,1509682518744,40.100514,-88.231261,10.50,183.0,92.3,3.0,0.648,1640.5,36.0,17.25
1509682521000,1509682519746,40.100511,-88.231144,9.75,183.0,90.8,3.0,0.357,1590.7,35.3,14.77
1509682522000,1509682520743,40.100510,-88.231017,9.50,183.0,90.0,3.0,0.410,1557.0,34.3,14.12
1509682523000,1509682521745,40.100514,-88.230909,9.50,183.0,90.0,3.0,0.419,1533.3,33.7,14.51
1509682524000,1509682522745,40.100513,-88.230798,9.25,183.0,89.8,3.0,0.489,1503.5,33.0,14.71
1509682525000,1509682523746,40.100514,-88.230694,9.25,183.0,89.9,3.0,0.476,1490.0,32.7,14.90
1509682526000,1509682524745,40.100510,-88.230595,8.00,184.0,92.7,3.0,0.305,1391.0,30.0,13.59
1509682527000,1509682525751,40.100513,-88.230518,6.50,184.0,89.8,3.0,0.274,1258.0,25.7,13.20
1509682528000,1509682526736,40.100513,-88.230443,6.50,184.0,89.8,4.0,0.253,1184.5,18.8,12.75
1509682529000,1509682527743,40.100511,-88.230405,3.75,184.0,90.7,3.0,0.408,1020.3,13.7,12.42
1509682530000,1509682528746,40.100508,-88.230355,4.50,185.0,89.7,3.0,1.109,1063.0,14.7,16.73
1509682531000,1509682529817,40.100504,-88.230279,6.25,185.0,89.4,4.0,1.739,1470.0,20.8,25.10
1509682532000,1509682530744,40.100510,-88.230189,8.00,185.0,89.0,4.0,1.773,1930.3,27.7,26.27
1509682533000,1509682531767,40.100511,-88.230095,8.00,185.0,89.0,4.0,1.661,2013.0,31.0,25.23
1509682534000,1509682532751,40.100514,-88.229976,9.50,184.0,88.9,4.0,1.753,1624.3,33.7,28.10
1509682535000,1509682533802,40.100521,-88.229854,10.75,183.0,88.6,4.0,1.591,1695.2,37.5,25.98
1509682536000,1509682534737,40.100523,-88.229729,10.75,183.0,88.6,5.0,1.098,1820.7,40.3,20.13
1509682537000,1509682535759,40.100530,-88.229604,11.25,183.0,89.2,4.0,1.047,1572.7,41.0,18.69
1509682538000,1509682536787,40.100529,-88.229470,11.75,184.0,89.8,3.0,1.037,1332.7,41.8,19.90
1509682539000,1509682537745,40.100530,-88.229339,12.00,184.0,90.2,4.0,1.031,1349.7,42.7,20.00
1509682540000,1509682538742,40.100530,-88.229194,12.00,184.0,90.2,4.0,1.009,1377.7,43.7,20.00
1509682541000,1509682539764,40.100529,-88.229051,12.50,183.0,89.9,3.0,0.828,1396.3,44.0,19.22
1509682542000,1509682540809,40.100522,-88.228906,12.50,183.0,89.8,3.0,0.693,1407.0,44.2,16.86
1509682543000,1509682541741,40.100523,-88.228761,12.50,183.0,89.8,4.0,0.868,1420.0,45.0,18.04
1509682544000,1509682542747,40.100529,-88.228608,12.75,183.0,90.1,3.0,0.781,1441.0,45.7,18.17
1509682545000,1509682543742,40.100523,-88.228451,12.75,184.0,89.7,3.0,0.485,1436.7,45.5,15.59
1509682546000,1509682544744,40.100520,-88.228308,12.75,183.0,90.2,3.0,0.640,1437.7,45.0,15.42
1509682547000,1509682545751,40.100519,-88.228158,12.75,183.0,89.3,3.0,0.661,1437.7,45.7,16.34
1509682548000,1509682546754,40.100519,-88.228006,12.75,182.0,88.7,3.0,0.880,1443.3,46.0,16.86
1509682549000,1509682547816,40.100522,-88.227857,12.75,182.0,88.7,4.0,0.791,1469.5,46.5,18.73
1509682550000,1509682548745,40.100519,-88.227695,13.25,182.0,89.4,3.0,0.495,1475.3,47.0,15.16
1509682551000,1509682549744,40.100524,-88.227530,13.25,183.0,89.4,3.0,0.668,1479.0,47.0,15.69
1509682552000,1509682550745,40.100525,-88.227376,13.25,183.0,89.4,4.0,0.629,1481.7,47.0,16.86
1509682553000,1509682551743,40.100527,-88.227218,13.25,182.0,89.3,3.0,0.596,1489.2,47.0,16.57
1509682554000,1509682552745,40.100528,-88.227071,13.50,181.0,88.7,3.0,0.754,1509.0,47.7,17.25
1509682555000,1509682553757,40.100531,-88.226913,13.50,181.0,88.7,4.0,0.666,1521.3,48.3,17.25
1509682556000,1509682554778,40.100536,-88.226754,13.50,181.0,88.7,3.0,0.384,1519.5,48.5,14.12
1509682557000,1509682555744,40.100543,-88.226596,13.25,182.0,88.9,3.0,0.320,1492.0,47.3,13.33
1509682558000,1509682556737,40.100545,-88.226441,13.25,182.0,88.9,4.0,0.419,1466.3,47.0,13.59
1509682559000,1509682557744,40.100543,-88.226292,13.00,182.0,89.7,3.0,0.440,1457.0,46.3,14.51
1509682560000,1509682558750,40.100545,-88.226137,12.75,182.0,89.7,3.0,0.385,1439.7,46.0,13.86
1509682561000,1509682559743,40.100544,-88.225989,12.50,183.0,89.3,3.0,0.588,1423.5,45.2,15.29
1509682562000,1509682560748,40.100545,-88.225837,12.75,183.0,89.2,3.0,0.553,1424.3,45.0,16.99
1509682563000,1509682561737,40.100547,-88.225689,12.75,183.0,89.2,3.0,0.571,1427.7,45.0,15.56
1509682564000,1509682562744,40.100548,-88.225535,12.50,184.0,89.5,3.0,0.458,1414.0,44.8,15.29
1509682565000,1509682563737,40.100549,-88.225389,12.50,184.0,89.5,4.0,0.452,1389.0,44.0,14.51
1509682566000,1509682564748,40.100551,-88.225229,12.50,183.0,89.8,3.0,0.456,1384.0,44.0,14.90
1509682567000,1509682565757,40.100556,-88.225097,12.25,183.0,89.5,3.0,0.338,1371.7,43.7,13.99
1509682568000,1509682566746,40.100557,-88.224956,12.25,183.0,89.5,4.0,0.347,1358.7,43.0,13.53
1509682569000,1509682567745,40.100556,-88.224816,12.25,184.0,88.9,3.0,0.312,1355.7,43.0,13.46
1509682570000,1509682568823,40.100605,-88.224662,11.75,189.0,89.0,3.0,0.283,1334.5,42.8,13.04
1509682571000,1509682569743,40.100611,-88.224521,11.75,190.0,89.2,3.0,0.270,1305.0,41.7,12.94
1509682572000,1509682570744,40.100611,-88.224385,11.50,190.0,89.2,4.0,0.363,1281.7,40.7,12.94
1509682573000,1509682571737,40.100612,-88.224253,11.50,189.0,89.2,5.0,0.652,1280.3,40.7,15.03
1509682574000,1509682572743,40.100605,-88.224123,11.50,189.0,89.7,4.0,0.562,1297.7,41.0,16.08
1509682575000,1509682573744,40.100605,-88.223991,11.75,188.0,89.8,4.0,0.420,1304.0,41.0,14.77
1509682576000,1509682574741,40.100605,-88.223856,11.75,188.0,89.8,5.0,0.422,1301.0,41.0,14.51
1509682577000,1509682575744,40.100592,-88.223714,11.50,188.0,92.8,4.0,0.437,1302.5,41.0,14.51
1509682578000,1509682576773,40.100581,-88.223579,11.50,188.0,90.8,4.0,0.402,1297.3,41.0,14.25
1509682579000,1509682577761,40.100580,-88.223451,11.25,189.0,88.0,3.0,0.335,1275.0,40.7,13.59
1509682580000,1509682578757,40.100574,-88.223318,11.00,188.0,89.5,3.0,0.281,1248.3,39.7,13.33
1509682581000,1509682579749,40.100576,-88.223195,10.50,188.0,89.9,3.0,0.241,1202.7,38.0,12.68
1509682582000,1509682580807,40.100574,-88.223075,10.25,187.0,89.7,3.0,0.227,1155.7,36.7,12.55
1509682583000,1509682581745,40.100575,-88.222969,9.50,187.0,89.8,4.0,0.524,1320.3,35.0,12.68
1509682584000,1509682582751,40.100572,-88.222854,9.75,186.0,89.8,3.0,0.870,1536.0,34.3,16.34
1509682585000,1509682583741,40.100573,-88.222737,9.75,186.0,89.8,4.0,0.489,1586.3,35.0,16.60
1509682586000,1509682584748,40.100569,-88.222622,10.00,185.0,89.9,3.0,0.357,1594.3,35.0,14.38
1509682587000,1509682585737,40.100569,-88.222507,10.00,185.0,89.9,4.0,0.317,1551.2,34.0,13.53
1509682588000,1509682586743,40.100564,-88.222395,9.25,184.0,90.5,3.0,0.294,1470.3,32.0,13.33
1509682589000,1509682587744,40.100567,-88.222299,8.25,184.0,90.1,3.0,0.270,1363.3,29.7,13.07
1509682590000,1509682588743,40.100571,-88.222219,7.00,185.0,89.8,3.0,0.248,1278.0,25.7,12.94
1509682591000,1509682589741,40.100567,-88.222141,6.00,185.0,90.2,3.0,0.251,1281.7,21.3,12.68
1509682592000,1509682590787,40.100569,-88.222091,4.75,185.0,90.1,3.0,0.240,1215.3,17.0,12.55
1509682593000,1509682591752,40.100568,-88.222045,4.00,184.0,89.4,3.0,0.240,1046.5,14.0,12.35
1509682594000,1509682592773,40.100566,-88.221992,5.00,184.0,89.0,3.0,1.373,1303.2,16.2,20.59
1509682595000,1509682593741,40.100566,-88.221934,5.00,184.0,89.0,4.0,2.201,1633.5,22.5,30.00
1509682596000,1509682594746,40.100578,-88.221798,8.00,184.0,87.6,3.0,1.704,1931.7,27.0,26.67
1509682597000,1509682595788,40.100582,-88.221694,9.00,183.0,88.2,3.0,1.969,1997.3,30.7,22.88
1509682598000,1509682596749,40.100585,-88.221590,9.00,183.0,88.2,4.0,1.377,1634.0,33.7,28.76
1509682599000,1509682597757,40.100593,-88.221464,10.25,184.0,88.3,3.0,1.089,1629.0,36.0,22.75
1509682600000,1509682598800,40.100594,-88.221335,10.75,184.0,89.1,3.0,0.757,1707.3,37.7,19.22
1509682601000,1509682599744,40.100596,-88.221207,10.75,184.0,89.6,3.0,0.794,1754.0,38.3,16.86
1509682602000,1509682600760,40.100595,-88.221078,11.25,184.0,89.2,3.0,0.873,1785.0,39.7,18.56
1509682603000,1509682601774,40.100596,-88.220952,11.25,184.0,89.2,3.0,0.473,1813.7,40.0,16.08
1509682604000,1509682602824,40.100593,-88.220822,11.00,184.0,89.6,3.0,0.594,1799.7,39.8,15.39
1509682605000,1509682603819,40.100593,-88.220698,11.25,184.0,90.0,3.0,0.629,1815.3,40.0,16.60
1509682606000,1509682604790,40.100588,-88.220559,11.00,183.0,90.8,3.0,0.468,1807.5,39.5,16.47
1509682607000,1509682605770,40.100580,-88.220427,10.75,183.0,91.4,3.0,0.410,1770.3,38.7,15.03
1509682608000,1509682606759,40.100574,-88.220303,10.50,183.0,91.4,3.0,0.403,1731.7,38.0,14.38
1509682609000,1509682607793,40.100572,-88.220175,10.50,183.0,91.4,3.0,0.372,1689.7,37.3,14.12
1509682610000,1509682608745,40.100579,-88.220068,9.75,182.0,87.3,3.0,0.348,1607.5,35.8,13.92
1509682611000,1509682609745,40.100579,-88.219948,9.50,181.0,87.0,4.0,0.325,1532.3,33.7,13.73
1509682612000,1509682610740,40.100584,-88.219833,9.50,181.0,87.0,5.0,0.306,1445.3,31.7,13.46
1509682613000,1509682611746,40.100575,-88.219738,8.25,182.0,88.0,4.0,0.291,1342.7,29.3,13.33
1509682614000,1509682612744,40.100582,-88.219644,7.00,181.0,89.5,3.0,0.275,1280.3,26.7,13.07
1509682615000,1509682613750,40.100589,-88.219566,6.75,182.0,88.2,3.0,0.274,1284.7,24.0,12.94
1509682616000,1509682614745,40.100592,-88.219489,6.25,182.0,90.6,4.0,0.281,1309.3,21.7,12.94
1509682617000,1509682615741,40.100591,-88.219416,6.25,182.0,90.6,5.0,0.271,1284.0,18.0,12.94
1509682618000,1509682616741,40.100594,-88.219396,3.75,181.0,87.3,4.0,0.232,1087.7,14.3,12.81
1509682619000,1509682617744,40.100598,-88.219365,3.00,181.0,88.6,3.0,0.222,870.0,11.0,12.42
1509682620000,1509682618749,40.100596,-88.219336,2.50,181.0,91.3,3.0,0.580,894.3,8.7,12.55
1509682621000,1509682619751,40.100597,-88.219291,4.00,182.0,86.6,3.0,1.398,1227.0,11.7,19.74
1509682622000,1509682620744,40.100616,-88.219231,5.25,184.0,67.6,3.0,1.220,1339.0,17.5,22.55
1509682623000,1509682621742,40.100668,-88.219166,6.25,185.0,45.8,3.0,1.407,1567.3,22.0,21.83
1509682624000,1509682622737,40.100707,-88.219115,6.25,184.0,45.8,4.0,1.545,1813.3,25.3,23.01
1509682625000,1509682623742,40.100797,-88.219087,8.50,185.0,4.7,3.0,1.816,2100.2,29.2,23.63
1509682626000,1509682624758,40.100874,-88.219079,8.50,185.0,4.7,4.0,1.630,1875.0,32.3,23.66
1509682627000,1509682625748,40.100968,-88.219084,9.50,185.0,359.7,3.0,1.295,1644.7,36.0,22.06
1509682628000,1509682626739,40.101055,-88.219084,9.50,185.0,359.7,5.0,1.162,1745.7,39.0,20.26
1509682629000,1509682627747,40.101168,-88.219097,11.50,186.0,359.0,4.0,1.229,1824.0,40.3,20.65
1509682630000,1509682628748,40.101263,-88.219098,12.50,183.0,1.2,4.0,1.103,1682.2,42.5,20.20
1509682631000,1509682629806,40.101374,-88.219099,12.50,182.0,358.0,4.0,0.821,1402.0,44.3,18.17
1509682632000,1509682630789,40.101481,-88.219104,12.75,182.0,357.9,4.0,0.727,1427.0,45.5,15.98
1509682633000,1509682631744,40.101600,-88.219100,12.75,182.0,359.8,4.0,0.742,1454.3,46.7,16.34
1509682634000,1509682632747,40.101721,-88.219109,13.25,182.0,358.5,4.0,0.570,1487.0,47.3,15.56
1509682635000,1509682633751,40.101846,-88.219112,13.50,183.0,358.7,4.0,0.706,1507.3,48.0,15.95
1509682636000,1509682634743,40.101990,-88.219112,13.75,183.0,359.1,4.0,0.710,1529.5,48.5,17.25
1509682637000,1509682635747,40.102126,-88.219120,13.75,184.0,358.7,3.0,0.498,1539.0,49.0,15.69
1509682638000,1509682636758,40.102241,-88.219128,13.75,183.0,358.9,3.0,0.489,1541.3,49.0,15.03
1509682639000,1509682637817,40.102366,-88.219135,13.75,182.0,358.6,3.0,0.454,1539.0,49.0,14.90
1509682640000,1509682638744,40.102493,-88.219142,13.50,182.0,359.1,3.0,0.548,1532.3,49.0,14.64
1509682641000,1509682639744,40.102627,-88.219149,13.75,181.0,359.0,3.0,0.810,1548.0,49.3,16.21
1509682642000,1509682640743,40.102753,-88.219161,14.00,180.0,358.7,3.0,0.655,1567.7,50.0,16.73
1509682643000,1509682641752,40.102869,-88.219162,14.00,180.0,358.9,3.0,0.588,1579.7,50.0,15.69
1509682644000,1509682642744,40.103000,-88.219175,14.25,179.0,359.1,3.0,0.509,1576.7,50.0,15.69
1509682645000,1509682643757,40.103134,-88.219182,14.00,180.0,357.7,3.0,0.506,1568.7,50.0,16.73
1509682646000,1509682644747,40.103262,-88.219179,14.25,180.0,359.4,3.0,0.381,1569.3,50.0,15.03
1509682647000,1509682645737,40.103388,-88.219181,14.25,180.0,359.4,5.0,0.345,1549.5,49.5,13.82
1509682648000,1509682646745,40.103515,-88.219184,13.50,180.0,359.3,4.0,0.324,1508.0,48.0,13.73
1509682649000,1509682647744,40.103629,-88.219183,12.50,180.0,359.6,4.0,0.316,1468.3,46.3,13.46
1509682650000,1509682648763,40.103740,-88.219183,12.50,179.0,359.6,4.0,0.627,1453.5,46.0,14.61
1509682651000,1509682649744,40.103857,-88.219188,13.25,180.0,358.9,3.0,0.913,1458.3,46.3,18.30
1509682652000,1509682650754,40.103985,-88.219195,13.25,181.0,358.8,3.0,0.518,1478.7,47.0,17.12
1509682653000,1509682651807,40.104098,-88.219196,12.75,180.0,359.1,3.0,0.308,1453.7,46.0,13.82
1509682654000,1509682652745,40.104217,-88.219199,12.75,180.0,358.2,3.0,0.602,1428.3,45.3,14.51
1509682655000,1509682653746,40.104340,-88.219204,12.75,179.0,359.4,3.0,0.638,1436.0,46.0,16.47
1509682656000,1509682654747,40.104445,-88.219204,13.00,179.0,359.5,3.0,0.526,1445.7,46.0,15.69
1509682657000,1509682655785,40.104561,-88.219210,12.75,180.0,359.5,3.0,0.445,1440.5,46.0,14.71
1509682658000,1509682656753,40.104677,-88.219203,12.75,180.0,359.8,3.0,0.447,1431.0,45.3,14.51
1509682659000,1509682657746,40.104785,-88.219201,12.50,182.0,358.8,3.0,0.440,1419.0,45.0,14.51
1509682660000,1509682658769,40.104904,-88.219209,12.50,182.0,358.4,3.0,0.447,1405.0,45.0,14.51
1509682661000,1509682659743,40.105011,-88.219214,12.00,183.0,359.5,3.0,0.336,1377.2,44.0,13.92
1509682662000,1509682660740,40.105119,-88.219215,12.00,183.0,359.5,4.0,0.288,1317.7,42.0,13.33
1509682663000,1509682661750,40.105208,-88.219216,11.00,180.0,359.8,3.0,0.271,1261.7,39.7,13.07
1509682664000,1509682662742,40.105305,-88.219218,10.25,180.0,2.7,3.0,1.104,1346.2,37.0,17.16
1509682665000,1509682663750,40.105404,-88.219198,10.75,181.0,1.0,3.0,1.388,1722.3,38.0,25.10
1509682666000,1509682664769,40.105505,-88.219202,11.25,180.0,0.9,3.0,0.922,1793.3,39.3,18.43
1509682667000,1509682665744,40.105609,-88.219208,11.25,181.0,1.4,3.0,0.953,1834.2,40.0,17.84
1509682668000,1509682666746,40.105716,-88.219206,11.75,180.0,0.7,3.0,1.084,1876.7,41.0,19.22
1509682669000,1509682667809,40.105822,-88.219205,11.75,181.0,359.5,3.0,0.801,1785.0,42.0,18.43
1509682670000,1509682668754,40.105926,-88.219204,11.75,180.0,359.3,3.0,0.670,1410.0,42.0,16.57
1509682671000,1509682669746,40.106037,-88.219207,12.00,180.0,357.4,3.0,0.724,1333.7,42.0,16.60
1509682672000,1509682670744,40.106145,-88.219214,11.50,180.0,357.3,3.0,0.884,1353.2,42.8,17.55
1509682673000,1509682671740,40.106251,-88.219220,11.50,180.0,357.3,4.0,0.871,1380.0,43.7,19.61
1509682674000,1509682672741,40.106355,-88.219211,12.25,180.0,358.0,3.0,0.544,1394.0,44.0,16.60
1509682675000,1509682673743,40.106473,-88.219220,12.50,180.0,358.2,4.0,0.512,1392.5,44.0,15.10
1509682676000,1509682674745,40.106600,-88.219220,12.50,181.0,359.1,3.0,0.521,1385.7,44.0,15.29
1509682677000,1509682675767,40.106707,-88.219218,12.00,181.0,358.9,3.0,0.524,1381.7,43.7,15.29
1509682678000,1509682676744,40.106823,-88.219219,12.25,182.0,0.0,3.0,0.524,1374.5,43.0,15.29
1509682679000,1509682677744,40.106926,-88.219224,12.00,183.0,358.8,3.0,0.522,1367.3,43.0,15.29
1509682680000,1509682678778,40.107012,-88.219223,12.00,183.0,359.2,3.0,0.517,1362.7,43.0,15.29
1509682681000,1509682679737,40.107124,-88.219225,12.00,183.0,359.2,4.0,0.383,1339.7,42.8,14.71
1509682682000,1509682680743,40.107228,-88.219231,11.50,182.0,359.0,3.0,0.281,1301.7,41.3,13.07
1509682683000,1509682681768,40.107330,-88.219233,11.25,181.0,359.4,3.0,0.316,1269.0,40.7,12.94
1509682684000,1509682682746,40.107436,-88.219237,11.25,181.0,358.8,3.0,0.501,1266.7,40.0,14.51
1509682685000,1509682683747,40.107537,-88.219243,11.25,181.0,358.6,3.0,0.624,1290.3,40.3,16.21
1509682686000,1509682684780,40.107640,-88.219246,11.75,182.0,358.5,3.0,0.672,1318.7,41.8,16.67
1509682687000,1509682685744,40.107753,-88.219253,12.00,181.0,359.0,3.0,0.568,1349.3,42.7,15.69
1509682688000,1509682686745,40.107862,-88.219256,12.25,181.0,358.8,3.0,0.575,1368.0,43.3,15.69
1509682689000,1509682687749,40.107978,-88.219253,12.50,181.0,0.2,3.0,0.572,1386.0,44.0,15.69
1509682690000,1509682688790,40.108093,-88.219255,12.75,181.0,1.0,3.0,0.518,1401.0,44.5,15.59
1509682691000,1509682689744,40.108208,-88.219256,12.50,181.0,359.4,3.0,0.337,1394.7,44.3,14.12
1509682692000,1509682690745,40.108325,-88.219260,12.25,181.0,359.4,3.0,0.351,1369.0,43.7,13.59
1509682693000,1509682691797,40.108430,-88.219265,11.75,181.0,359.2,3.0,0.267,1322.0,41.7,13.20
1509682694000,1509682692799,40.108532,-88.219270,10.75,180.0,358.5,3.0,0.294,1412.7,38.7,12.94
1509682695000,1509682693744,40.108633,-88.219270,10.00,180.0,359.2,3.0,0.329,1609.7,35.7,13.33
1509682696000,1509682694745,40.108707,-88.219274,9.00,180.0,358.5,3.0,0.296,1478.3,31.7,13.46
1509682697000,1509682695746,40.108792,-88.219272,8.00,180.0,359.4,3.0,0.651,1409.3,28.0,13.86
1509682698000,1509682696745,40.108875,-88.219273,8.25,181.0,358.3,3.0,1.393,2020.0,28.7,17.12
1509682699000,1509682697745,40.108952,-88.219282,8.75,182.0,355.5,3.0,1.387,2071.7,31.3,20.26
1509682700000,1509682698785,40.109048,-88.219284,10.00,181.0,358.7,3.0,1.455,1698.3,35.0,24.97
1509682701000,1509682699777,40.109144,-88.219293,11.00,181.0,358.8,3.0,1.108,1736.3,38.7,23.14
1509682702000,1509682700744,40.109243,-88.219292,11.25,181.0,359.4,3.0,0.845,1683.7,40.0,16.34
1509682703000,1509682701745,40.109347,-88.219300,11.50,180.0,359.9,3.0,0.542,1358.0,40.7,14.77
1509682704000,1509682702760,40.109448,-88.219300,11.50,180.0,359.4,3.0,0.259,1276.0,40.7,13.20
1509682705000,1509682703745,40.109543,-88.219297,11.25,181.0,358.6,3.0,0.258,1254.0,40.0,12.94
1509682706000,1509682704768,40.109641,-88.219299,11.00,181.0,358.7,3.0,0.247,1228.3,39.3,12.68
1509682707000,1509682705820,40.109743,-88.219301,10.75,181.0,358.3,3.0,0.242,1200.7,38.3,12.55
1509682708000,1509682706742,40.109840,-88.219313,10.25,181.0,359.6,3.0,0.244,1167.3,37.3,12.55
1509682709000,1509682707738,40.109933,-88.219316,10.25,181.0,359.2,5.0,0.255,1206.7,36.0,12.55
1509682710000,1509682708748,40.110024,-88.219318,10.25,181.0,359.3,10.0,0.308,1461.7,34.0,13.20
1509682711000,1509682709743,40.110118,-88.219320,10.25,181.0,358.9,17.0,0.437,1488.0,32.7,13.46
1509682712000,1509682710832,40.110183,-88.219330,9.25,181.0,357.8,17.0,0.527,1463.3,32.0,15.29
1509682713000,1509682711757,40.110270,-88.219330,9.25,181.0,358.3,20.0,0.602,1473.3,32.0,14.77
1509682714000,1509682712752,40.110354,-88.219339,9.25,181.0,357.2,21.0,0.736,1502.5,33.0,16.57
1509682715000,1509682713745,40.110437,-88.219344,9.50,180.0,357.6,22.0,0.502,1527.7,33.7,15.82
1509682716000,1509682714750,40.110518,-88.219348,9.25,180.0,358.3,22.0,0.322,1477.0,32.3,13.86
1509682717000,1509682715744,40.110599,-88.219349,8.75,179.0,359.4,23.0,0.672,1440.0,31.7,14.90
1509682718000,1509682716744,40.110681,-88.219341,9.00,179.0,1.0,23.0,0.991,1467.0,32.3,18.30
1509682719000,1509682717748,40.110773,-88.219346,9.50,178.0,2.5,22.0,1.114,1573.3,34.7,19.48
1509682720000,1509682718758,40.110846,-88.219356,10.50,177.0,2.7,19.0,0.876,1691.0,37.3,19.48
1509682721000,1509682719746,40.110920,-88.219363,11.00,176.0,1.6,16.0,0.812,1782.2,39.5,17.45
1509682722000,1509682720752,40.111021,-88.219358,11.50,175.0,359.0,12.0,0.658,1692.3,40.7,17.65
1509682723000,1509682721749,40.111122,-88.219355,11.50,175.0,359.2,10.0,0.320,1324.7,41.0,14.12
1509682724000,1509682722744,40.111230,-88.219351,11.50,176.0,359.2,8.0,0.307,1278.0,41.0,13.24
1509682725000,1509682723744,40.111334,-88.219345,11.25,176.0,359.1,6.0,0.294,1267.3,40.3,13.33
1509682726000,1509682724754,40.111437,-88.219348,11.25,176.0,359.6,5.0,0.276,1247.7,39.7,13.20
1509682727000,1509682725789,40.111536,-88.219350,11.00,176.0,359.2,5.0,0.249,1207.7,38.3,12.68
1509682728000,1509682726746,40.111628,-88.219352,10.50,176.0,359.4,4.0,0.862,1341.0,37.2,14.71
1509682729000,1509682727775,40.111729,-88.219351,10.50,177.0,359.2,4.0,0.796,1718.0,37.7,18.82
1509682730000,1509682728748,40.111826,-88.219351,10.75,177.0,359.0,3.0,0.507,1702.7,37.3,14.51
1509682731000,1509682729767,40.111918,-88.219354,10.25,177.0,358.7,3.0,0.725,1669.3,37.0,15.16
1509682732000,1509682730796,40.112011,-88.219358,10.25,177.0,358.1,4.0,0.472,1659.0,36.2,15.20
1509682733000,1509682731785,40.112100,-88.219357,10.00,177.0,357.7,4.0,0.330,1563.7,34.0,13.73
1509682734000,1509682732748,40.112183,-88.219356,9.25,178.0,358.5,4.0,0.306,1475.3,32.0,13.46
1509682735000,1509682733747,40.112251,-88.219360,8.75,178.0,356.8,3.0,0.480,1408.7,30.7,13.99
1509682736000,1509682734815,40.112312,-88.219365,8.50,178.0,355.8,3.0,0.813,1401.2,30.5,17.16
1509682737000,1509682735748,40.112373,-88.219370,8.75,177.0,357.1,3.0,0.410,1394.0,30.7,15.95
1509682738000,1509682736739,40.112449,-88.219371,8.50,178.0,357.8,4.0,1.039,1343.7,29.3,16.08
1509682739000,1509682737749,40.112524,-88.219369,8.50,179.0,359.4,4.0,1.004,1373.3,30.3,21.70
1509682740000,1509682738767,40.112602,-88.219375,8.75,179.0,356.2,4.0,0.421,1378.0,30.2,15.49
1509682741000,1509682739748,40.112679,-88.219404,8.25,179.0,344.4,3.0,0.278,1303.3,28.3,12.94
1509682742000,1509682740751,40.112731,-88.219455,7.75,180.0,325.9,4.0,0.820,1364.3,27.3,14.51
1509682743000,1509682741746,40.112773,-88.219530,8.25,180.0,307.9,4.0,1.173,1928.2,28.0,18.82
1509682744000,1509682742746,40.112805,-88.219620,8.50,181.0,294.6,3.0,1.393,1682.3,30.7,20.13
1509682745000,1509682743747,40.112823,-88.219735,9.25,181.0,282.2,3.0,0.843,1500.0,33.0,20.39
1509682746000,1509682744800,40.112827,-88.219860,9.75,181.0,271.7,3.0,0.366,1566.5,34.5,15.98
1509682747000,1509682745750,40.112824,-88.219970,9.50,181.0,270.6,4.0,0.478,1559.0,34.7,15.16
1509682748000,1509682746792,40.112815,-88.220081,9.75,179.0,270.0,3.0,0.750,1595.0,34.8,16.27
1509682749000,1509682747747,40.112816,-88.220199,10.00,179.0,270.4,4.0,0.754,1644.3,36.3,17.12
1509682750000,1509682748759,40.112817,-88.220328,10.25,179.0,269.6,4.0,0.712,1688.0,37.3,16.47
1509682751000,1509682749754,40.112817,-88.220457,10.50,179.0,268.9,4.0,0.588,1708.3,38.0,16.60
1509682752000,1509682750786,40.112815,-88.220578,10.50,178.0,268.4,4.0,0.335,1693.2,37.5,14.41
1509682753000,1509682751749,40.112811,-88.220713,10.25,178.0,268.4,3.0,0.339,1668.0,36.7,13.73
1509682754000,1509682752746,40.112806,-88.220839,10.00,178.0,268.4,3.0,0.478,1644.7,36.0,14.25
1509682755000,1509682753741,40.112806,-88.220967,10.00,178.0,268.7,3.0,0.453,1623.7,36.0,15.03
1509682756000,1509682754745,40.112815,-88.221079,9.75,179.0,271.2,3.0,0.373,1612.0,35.7,14.51
1509682757000,1509682755812,40.112826,-88.221186,9.50,180.0,270.8,3.0,0.321,1582.7,34.7,13.86
1509682758000,1509682756737,40.112828,-88.221298,9.50,181.0,270.8,4.0,0.305,1523.5,33.5,13.33
1509682759000,1509682757743,40.112815,-88.221368,8.25,182.0,263.3,4.0,0.563,1507.0,33.0,14.25
1509682760000,1509682758762,40.112806,-88.221465,8.25,182.0,263.3,5.0,0.699,1521.0,33.7,16.34
1509682761000,1509682759738,40.112816,-88.221577,9.00,181.0,273.3,5.0,0.528,1562.2,34.5,15.78
1509682762000,1509682760744,40.112829,-88.221693,9.50,179.0,269.8,5.0,0.467,1578.7,35.0,14.77
1509682763000,1509682761765,40.112830,-88.221810,9.25,181.0,270.0,5.0,0.368,1557.0,34.7,14.25
1509682764000,1509682762737,40.112830,-88.221921,9.25,181.0,270.0,6.0,0.293,1497.5,33.0,13.24
1509682765000,1509682763744,40.112830,-88.222027,8.25,183.0,266.4,4.0,0.271,1410.3,31.0,13.07
1509682766000,1509682764746,40.112829,-88.222113,7.75,185.0,269.7,4.0,0.246,1303.0,28.3,12.81
1509682767000,1509682765763,40.112833,-88.222205,6.75,183.0,275.9,4.0,0.231,1203.0,25.0,12.55
1509682768000,1509682766744,40.112848,-88.222278,5.75,183.0,291.7,4.0,0.268,1186.5,21.5,12.55
1509682769000,1509682767744,40.112890,-88.222317,5.50,183.0,323.5,4.0,0.677,1320.3,19.3,13.99
1509682770000,1509682768765,40.112945,-88.222339,6.00,183.0,350.7,4.0,1.117,1545.0,20.3,19.08
1509682771000,1509682769756,40.112998,-88.222350,6.00,183.0,350.7,5.0,0.962,1706.7,23.2,19.90
1509682772000,1509682770752,40.113078,-88.222345,7.25,183.0,359.2,4.0,0.554,1827.3,25.3,16.86
1509682773000,1509682771745,40.113142,-88.222348,7.00,183.0,359.5,4.0,0.461,1815.3,25.0,14.90
1509682774000,1509682772802,40.113203,-88.222347,6.50,183.0,0.2,4.0,0.374,1686.0,23.5,14.12
1509682775000,1509682773746,40.113254,-88.222347,5.75,184.0,0.6,4.0,0.321,1485.3,20.3,13.73
1509682776000,1509682774745,40.113307,-88.222349,5.00,184.0,0.0,4.0,0.278,1329.7,18.0,13.20
1509682777000,1509682775746,40.113336,-88.222350,4.50,183.0,2.8,4.0,0.259,1226.7,16.7,12.94
1509682778000,1509682776776,40.113383,-88.222349,4.00,185.0,0.5,4.0,0.237,1111.0,15.0,12.65
1509682779000,1509682777745,40.113424,-88.222360,3.50,185.0,2.2,4.0,0.216,1017.3,13.7,12.42
1509682780000,1509682778810,40.113460,-88.222365,3.50,185.0,0.0,4.0,0.201,940.7,12.7,12.16
1509682781000,1509682779751,40.113484,-88.222369,2.75,185.0,1.9,4.0,0.207,826.5,11.0,12.06
1509682782000,1509682780756,40.113511,-88.222372,2.25,185.0,356.2,4.0,0.240,748.3,8.3,12.29
1509682783000,1509682781772,40.113527,-88.222369,2.00,186.0,0.8,4.0,0.239,767.0,5.7,12.55
1509682784000,1509682782745,40.113545,-88.222358,1.00,184.0,357.2,5.0,0.274,807.7,3.0,12.81
1509682785000,1509682783750,40.113552,-88.222350,0.50,184.0,357.2,5.0,0.291,878.7,2.0,13.20
1509682786000,1509682784769,40.113565,-88.222361,0.00,183.0,NaN,5.0,0.315,870.0,2.0,13.33
1509682787000,1509682785748,40.113565,-88.222356,0.00,184.0,NaN,5.0,0.341,852.3,2.7,13.59
1509682788000,1509682786766,40.113565,-88.222356,0.00,184.0,NaN,6.0,0.335,854.3,3.7,13.73
1509682789000,1509682787780,40.113568,-88.222357,0.00,184.0,NaN,4.0,0.317,855.3,4.0,13.46
1509682790000,1509682788799,40.113568,-88.222357,0.00,184.0,NaN,5.0,0.317,863.7,4.0,13.20
1509682791000,1509682789746,40.113567,-88.222350,0.00,184.0,NaN,4.0,0.543,961.0,5.0,13.73
1509682792000,1509682790746,40.113572,-88.222351,2.50,184.0,354.1,4.0,0.817,1017.7,8.0,17.12
1509682793000,1509682791745,40.113603,-88.222350,3.00,184.0,352.2,4.0,0.617,1073.0,11.7,17.25
1509682794000,1509682792746,40.113632,-88.222348,3.25,186.0,352.3,5.0,0.885,1113.3,14.3,16.86
1509682795000,1509682793744,40.113661,-88.222353,3.25,186.0,352.3,6.0,1.499,1334.0,18.7,23.14
1509682796000,1509682794746,40.113706,-88.222352,4.25,184.0,357.1,4.0,1.566,1681.3,23.7,25.23
1509682797000,1509682795807,40.113743,-88.222355,4.25,183.0,357.1,6.0,1.345,1929.0,27.0,21.57
1509682798000,1509682796785,40.113880,-88.222353,8.00,185.0,358.4,5.0,1.279,1814.5,28.0,21.96
1509682799000,1509682797744,40.113940,-88.222351,8.25,185.0,358.1,4.0,0.961,1457.3,29.0,20.78
1509682800000,1509682798745,40.114022,-88.222352,8.50,186.0,0.0,4.0,0.488,1350.7,29.7,17.91
1509682801000,1509682799740,40.114100,-88.222352,8.50,186.0,0.0,4.0,0.254,1320.7,28.7,14.25
