1331756276000,1331756276000,40.145480,-88.258690,4.44,197.8,155.0,10.0,0.833,1583.5,20.5,21.96
1331756277000,1331756277000,40.145425,-88.258686,5.25,197.9,167.0,10.0,0.792,1587.9,24.0,21.57
1331756278000,1331756278000,40.145363,-88.258684,6.07,197.9,172.0,10.0,0.792,1587.9,24.0,21.57
1331756279000,1331756279000,40.145295,-88.258686,6.76,197.9,176.0,10.0,0.798,1626.1,26.5,21.57
1331756280000,1331756280000,40.145225,-88.258687,7.38,197.9,178.0,10.0,0.796,1558.5,28.0,21.57
1331756281000,1331756281000,40.145152,-88.258689,7.82,198.0,179.0,10.0,0.748,1453.0,29.0,21.57
1331756282000,1331756282000,40.145076,-88.258690,8.19,198.2,179.0,10.0,0.628,1378.0,30.0,20.78
1331756283000,1331756283000,40.144998,-88.258690,8.38,198.3,179.0,10.0,0.628,1378.0,30.0,20.78
1331756284000,1331756284000,40.144919,-88.258691,8.51,198.5,179.0,10.0,0.426,1207.7,31.0,19.02
1331756285000,1331756285000,40.144837,-88.258699,8.44,199.0,180.0,10.0,0.303,1067.9,30.5,18.04
1331756286000,1331756286000,40.144759,-88.258704,7.88,199.3,180.0,10.0,0.302,985.0,27.5,18.04
1331756287000,1331756287000,40.144692,-88.258705,6.69,199.4,180.0,10.0,0.302,985.0,27.5,18.04
1331756288000,1331756288000,40.144638,-88.258705,5.13,199.4,178.0,10.0,0.300,945.6,21.0,18.04
1331756289000,1331756289000,40.144600,-88.258705,3.32,199.3,174.0,10.0,0.297,937.9,14.0,18.04
1331756290000,1331756290000,40.144576,-88.258705,2.31,199.9,172.0,10.0,0.454,1115.5,10.5,19.02
1331756291000,1331756291000,40.144554,-88.258702,2.56,200.2,168.0,10.0,0.713,1458.0,10.0,20.98
1331756292000,1331756292000,40.144531,-88.258687,3.32,200.4,146.0,10.0,0.713,1458.0,10.0,20.98
1331756293000,1331756293000,40.144505,-88.258659,4.07,200.3,141.0,10.0,0.815,1539.7,12.5,21.96
1331756294000,1331756294000,40.144477,-88.258621,4.82,200.4,130.0,10.0,0.851,1527.6,17.0,22.75
1331756295000,1331756295000,40.144452,-88.258569,5.57,200.3,119.0,10.0,0.694,1444.7,20.5,21.37
1331756296000,1331756296000,40.144433,-88.258506,6.00,200.0,107.0,10.0,0.400,1263.5,23.0,18.63
1331756297000,1331756297000,40.144421,-88.258435,6.25,199.8,98.0,10.0,0.400,1263.5,23.0,18.63
1331756298000,1331756298000,40.144415,-88.258363,6.19,199.8,95.0,10.0,0.297,1194.4,23.5,18.04
1331756299000,1331756299000,40.144410,-88.258296,5.57,199.8,93.0,10.0,0.297,1081.9,21.5,18.04
1331756300000,1331756300000,40.144406,-88.258240,4.44,199.8,94.0,10.0,0.295,981.1,16.5,18.04
1331756301000,1331756301000,40.144402,-88.258199,2.69,199.7,94.0,10.0,0.286,883.9,9.0,18.04
1331756302000,1331756302000,40.144399,-88.258180,1.00,199.8,95.0,10.0,0.286,883.9,9.0,18.04
1331756303000,1331756303000,40.144398,-88.258177,0.13,200.0,99.0,10.0,0.276,801.4,4.0,17.84
1331756304000,1331756304000,40.144398,-88.258178,0.00,199.8,99.0,10.0,0.270,801.7,3.0,17.65
1331756305000,1331756305000,40.144398,-88.258178,0.00,199.8,99.0,10.0,0.268,792.4,1.5,17.65
1331756306000,1331756306000,40.144398,-88.258178,0.00,199.8,99.0,10.0,0.271,796.0,0.0,17.84
1331756307000,1331756307000,40.144398,-88.258178,0.00,199.8,99.0,10.0,0.271,796.0,0.0,17.84
1331756308000,1331756308000,40.144398,-88.258178,0.00,199.8,99.0,10.0,0.272,800.0,0.0,18.04
1331756309000,1331756309000,40.144398,-88.258178,0.00,199.8,99.0,10.0,0.265,790.6,0.0,17.84
1331756310000,1331756310000,40.144398,-88.258178,0.00,199.8,99.0,10.0,0.251,769.1,0.0,17.65
1331756311000,1331756311000,40.144398,-88.258178,0.00,199.8,99.0,10.0,0.251,769.1,0.0,17.65
1331756312000,1331756312000,40.144398,-88.258178,0.00,199.8,99.0,10.0,0.235,740.1,0.0,17.65
1331756313000,1331756313000,40.144398,-88.258178,0.00,199.8,99.0,10.0,0.280,773.6,0.0,17.65
1331756314000,1331756314000,40.144398,-88.258178,0.00,199.8,99.0,10.0,0.522,1117.7,4.0,19.41
1331756315000,1331756315000,40.144388,-88.258147,2.25,199.0,102.0,10.0,0.706,1483.0,11.0,21.18
1331756316000,1331756316000,40.144382,-88.258117,3.00,198.8,114.0,10.0,0.706,1483.0,11.0,21.18
1331756317000,1331756317000,40.144368,-88.258080,3.75,198.5,133.0,10.0,0.775,1513.9,14.0,21.57
1331756318000,1331756318000,40.144340,-88.258048,4.75,198.3,154.0,10.0,1.047,1637.0,17.0,23.14
1331756319000,1331756319000,40.144298,-88.258027,5.57,198.2,166.0,10.0,1.311,1872.6,23.0,24.71
1331756320000,1331756320000,40.144241,-88.258017,6.94,198.0,177.0,10.0,1.311,1872.6,23.0,24.71
1331756321000,1331756321000,40.144173,-88.258015,8.01,197.9,180.0,10.0,1.373,1982.4,28.0,25.10
1331756322000,1331756322000,40.144096,-88.258016,8.82,197.8,180.0,10.0,1.355,1925.2,31.0,24.90
1331756323000,1331756323000,40.144012,-88.258017,9.51,197.7,180.0,10.0,0.805,1531.5,34.0,21.76
1331756324000,1331756324000,40.143923,-88.258017,9.82,197.7,180.0,10.0,0.266,1196.7,36.0,18.24
1331756325000,1331756325000,40.143834,-88.258015,9.70,197.7,179.0,10.0,0.262,1145.5,36.0,17.65
1331756326000,1331756326000,40.143746,-88.258014,9.51,197.7,179.0,10.0,0.262,1145.5,36.0,17.65
1331756327000,1331756327000,40.143660,-88.258012,9.32,197.8,179.0,10.0,0.260,1120.9,35.0,17.65
1331756328000,1331756328000,40.143577,-88.258010,9.07,197.9,179.0,10.0,0.259,1101.0,33.5,17.65
1331756329000,1331756329000,40.143495,-88.258009,8.82,197.9,179.0,10.0,0.259,1063.1,32.0,17.65
1331756330000,1331756330000,40.143417,-88.258008,8.38,197.9,179.0,10.0,0.259,1063.1,32.0,17.65
1331756331000,1331756331000,40.143342,-88.258006,7.94,197.8,179.0,10.0,0.259,1013.1,30.5,17.65
1331756332000,1331756332000,40.143272,-88.258005,7.57,197.8,179.0,10.0,0.259,972.1,29.0,17.65
1331756333000,1331756333000,40.143205,-88.258004,7.13,197.8,179.0,10.0,0.259,935.0,27.0,17.65
1331756334000,1331756334000,40.143143,-88.258003,6.69,197.8,179.0,10.0,0.260,894.7,24.0,17.65
1331756335000,1331756335000,40.143086,-88.258002,6.07,197.9,179.0,10.0,0.260,894.7,24.0,17.65
1331756336000,1331756336000,40.143035,-88.258001,5.19,197.8,179.0,10.0,0.259,854.9,21.0,17.65
1331756337000,1331756337000,40.142993,-88.257998,4.07,197.9,178.0,10.0,0.254,948.2,17.0,17.65
1331756338000,1331756338000,40.142962,-88.257997,3.00,198.0,178.0,10.0,0.248,947.9,11.5,17.65
1331756339000,1331756339000,40.142940,-88.257995,2.19,198.0,178.0,10.0,0.242,800.2,7.5,17.65
1331756340000,1331756340000,40.142924,-88.257995,1.50,198.1,178.0,10.0,0.233,753.0,4.5,17.65
1331756341000,1331756341000,40.142914,-88.257994,0.88,198.2,177.0,10.0,0.233,753.0,4.5,17.65
1331756342000,1331756342000,40.142913,-88.257994,0.06,198.3,176.0,10.0,0.227,740.9,3.0,17.65
1331756343000,1331756343000,40.142913,-88.257994,0.00,198.2,176.0,10.0,0.228,735.9,1.5,17.65
1331756344000,1331756344000,40.142913,-88.257994,0.00,198.2,176.0,10.0,0.230,735.9,0.0,17.65
1331756345000,1331756345000,40.142913,-88.257994,0.00,198.2,176.0,10.0,0.230,735.9,0.0,17.65
1331756346000,1331756346000,40.142913,-88.257994,0.00,198.2,176.0,10.0,0.231,736.6,0.0,17.65
1331756347000,1331756347000,40.142913,-88.257994,0.00,198.2,176.0,10.0,0.229,728.4,0.0,17.45
1331756348000,1331756348000,40.142913,-88.257994,0.00,198.2,176.0,10.0,0.221,713.5,0.0,17.25
1331756349000,1331756349000,40.142913,-88.257994,0.00,198.2,176.0,10.0,0.213,698.4,0.0,17.25
1331756350000,1331756350000,40.142913,-88.257994,0.00,198.2,176.0,10.0,0.213,698.4,0.0,17.25
1331756351000,1331756351000,40.142913,-88.257994,0.00,198.2,176.0,10.0,0.217,707.0,0.0,17.25
1331756352000,1331756352000,40.142913,-88.257994,0.00,198.2,176.0,10.0,0.226,726.5,0.0,17.25
1331756353000,1331756353000,40.142913,-88.257994,0.00,198.2,176.0,10.0,0.227,736.6,0.0,17.25
1331756354000,1331756354000,40.142913,-88.257994,0.00,198.2,176.0,10.0,0.415,1021.4,2.0,18.63
1331756355000,1331756355000,40.142913,-88.257994,0.00,198.2,176.0,10.0,0.415,1021.4,2.0,18.63
1331756356000,1331756356000,40.142880,-88.257994,2.13,197.9,177.0,10.0,0.824,1505.0,6.5,21.37
1331756357000,1331756357000,40.142854,-88.257993,3.69,197.8,179.0,10.0,1.107,1851.5,12.5,23.33
1331756358000,1331756358000,40.142813,-88.257993,5.00,197.7,180.0,10.0,1.288,1954.6,19.5,23.92
1331756359000,1331756359000,40.142762,-88.257993,6.00,197.7,180.0,10.0,1.288,1954.6,19.5,23.92
1331756360000,1331756360000,40.142702,-88.257993,7.13,197.8,180.0,10.0,1.462,1983.1,25.0,24.71
1331756361000,1331756361000,40.142631,-88.257992,8.32,197.8,179.0,10.0,1.482,2087.7,30.0,25.49
1331756362000,1331756362000,40.142551,-88.257991,9.26,197.8,179.0,10.0,1.430,2020.5,35.0,25.29
1331756363000,1331756363000,40.142464,-88.257989,10.01,197.9,179.0,10.0,1.480,1969.0,38.0,25.49
1331756364000,1331756364000,40.142369,-88.257987,10.82,198.1,179.0,10.0,1.480,1969.0,38.0,25.49
1331756365000,1331756365000,40.142267,-88.257983,11.57,198.0,179.0,10.0,1.561,2045.2,41.0,25.88
1331756366000,1331756366000,40.142158,-88.257980,12.26,198.1,179.0,10.0,1.333,1974.9,44.5,24.51
1331756367000,1331756367000,40.142045,-88.257978,12.64,198.1,179.0,10.0,0.749,1565.5,47.0,21.37
1331756368000,1331756368000,40.141929,-88.257977,12.82,198.1,180.0,10.0,0.327,1167.1,47.5,18.63
1331756369000,1331756369000,40.141813,-88.257977,12.64,198.2,180.0,10.0,0.327,1167.1,47.5,18.63
1331756370000,1331756370000,40.141699,-88.257977,12.38,198.3,179.0,10.0,0.248,1076.5,46.0,17.65
1331756371000,1331756371000,40.141590,-88.257976,11.76,198.3,179.0,10.0,0.251,1032.4,43.0,17.65
1331756372000,1331756372000,40.141487,-88.257974,10.88,198.4,179.0,10.0,0.252,951.9,39.5,17.65
1331756373000,1331756373000,40.141393,-88.257973,9.70,198.4,179.0,10.0,0.252,951.9,39.5,17.65
1331756374000,1331756374000,40.141313,-88.257972,8.32,198.7,180.0,10.0,0.252,876.9,34.5,17.65
1331756375000,1331756375000,40.141244,-88.257973,7.19,198.9,179.0,10.0,0.251,877.2,28.0,17.65
1331756376000,1331756376000,40.141184,-88.257972,6.25,199.1,179.0,10.0,0.250,862.4,22.5,17.65
1331756377000,1331756377000,40.141134,-88.257971,5.07,199.4,179.0,10.0,0.244,959.2,18.0,17.65
1331756378000,1331756378000,40.141094,-88.257970,4.13,199.8,178.0,10.0,0.244,959.2,18.0,17.65
1331756379000,1331756379000,40.141062,-88.257969,3.25,200.1,178.0,10.0,0.239,1014.4,14.0,17.65
1331756380000,1331756380000,40.141040,-88.257968,2.06,200.5,178.0,10.0,0.239,828.5,9.0,17.65
1331756381000,1331756381000,40.141027,-88.257967,1.13,200.8,178.0,10.0,0.229,735.1,4.5,17.65
1331756382000,1331756382000,40.141021,-88.257967,0.44,201.1,177.0,10.0,0.222,733.5,3.0,17.45
1331756383000,1331756383000,40.141021,-88.257968,0.00,201.1,177.0,10.0,0.222,733.5,3.0,17.45
1331756384000,1331756384000,40.141021,-88.257968,0.00,201.1,177.0,10.0,0.223,726.4,1.5,17.25
1331756385000,1331756385000,40.141021,-88.257968,0.00,201.1,177.0,10.0,0.224,722.9,0.0,17.25
1331756386000,1331756386000,40.141021,-88.257968,0.00,201.1,177.0,10.0,0.226,721.7,0.0,17.45
1331756387000,1331756387000,40.141021,-88.257968,0.00,201.1,177.0,10.0,0.226,721.7,0.0,17.45
1331756388000,1331756388000,40.141021,-88.257968,0.00,201.1,177.0,10.0,0.221,720.2,0.0,17.45
1331756389000,1331756389000,40.141021,-88.257968,0.00,201.1,177.0,10.0,0.214,708.9,0.0,17.25
1331756390000,1331756390000,40.141021,-88.257968,0.00,201.1,177.0,10.0,0.210,694.4,0.0,17.25
1331756391000,1331756391000,40.141021,-88.257968,0.00,201.1,177.0,10.0,0.208,690.9,0.0,17.25
1331756392000,1331756392000,40.141021,-88.257968,0.00,201.1,177.0,10.0,0.208,690.9,0.0,17.25
1331756393000,1331756393000,40.141021,-88.257968,0.00,201.1,177.0,10.0,0.207,688.1,0.0,17.25
1331756394000,1331756394000,40.141021,-88.257968,0.00,201.1,177.0,10.0,0.207,687.4,0.0,17.25
1331756395000,1331756395000,40.141021,-88.257968,0.00,201.1,177.0,10.0,0.207,692.1,0.0,17.25
1331756396000,1331756396000,40.141021,-88.257968,0.00,201.1,177.0,10.0,0.207,692.1,0.0,17.25
1331756397000,1331756397000,40.141021,-88.257968,0.00,201.1,177.0,10.0,0.207,694.5,0.0,17.25
1331756398000,1331756398000,40.141021,-88.257968,0.00,201.1,177.0,10.0,0.207,692.5,0.0,17.25
1331756399000,1331756399000,40.141021,-88.257968,0.00,201.1,177.0,10.0,0.222,709.6,0.0,17.25
1331756400000,1331756400000,40.141021,-88.257968,0.00,201.1,177.0,10.0,0.479,1081.9,2.0,19.02
1331756401000,1331756401000,40.141021,-88.257968,0.00,201.1,177.0,10.0,0.479,1081.9,2.0,19.02
1331756402000,1331756402000,40.141008,-88.257970,2.38,201.9,177.0,10.0,0.832,1553.0,7.5,21.76
1331756403000,1331756403000,40.140981,-88.257971,3.82,202.0,180.0,10.0,1.045,1803.0,12.5,23.14
1331756404000,1331756404000,40.140942,-88.257973,4.94,202.2,180.0,10.0,1.326,1954.1,17.5,24.71
1331756405000,1331756405000,40.140893,-88.257975,6.07,202.3,181.0,10.0,1.416,1975.6,24.5,25.29
1331756406000,1331756406000,40.140833,-88.257977,7.26,202.4,180.0,10.0,1.416,1975.6,24.5,25.29
1331756407000,1331756407000,40.140764,-88.257978,8.13,202.5,180.0,10.0,1.346,2013.6,29.0,24.71
1331756408000,1331756408000,40.140686,-88.257979,8.88,202.7,180.0,10.0,1.343,1950.0,32.0,24.71
1331756409000,1331756409000,40.140603,-88.257980,9.51,202.7,180.0,10.0,1.313,1872.6,36.0,24.71
1331756410000,1331756410000,40.140514,-88.257980,10.01,202.8,179.0,10.0,1.308,1907.4,38.0,24.71
1331756411000,1331756411000,40.140421,-88.257980,10.57,202.9,180.0,10.0,1.308,1907.4,38.0,24.71
1331756412000,1331756412000,40.140322,-88.257980,11.13,202.9,180.0,10.0,1.308,1936.2,40.0,24.71
1331756413000,1331756413000,40.140218,-88.257982,11.57,202.8,181.0,10.0,1.161,1886.6,43.0,23.73
1331756414000,1331756414000,40.140111,-88.257986,11.88,202.8,182.0,10.0,1.042,1758.1,44.0,22.94
1331756415000,1331756415000,40.140001,-88.257991,12.20,202.8,182.0,10.0,1.042,1758.1,44.0,22.94
1331756416000,1331756416000,40.139889,-88.257998,12.45,202.8,183.0,10.0,1.047,1709.6,45.0,23.14
1331756417000,1331756417000,40.139774,-88.258006,12.76,202.8,183.0,10.0,0.750,1580.7,47.0,21.96
1331756418000,1331756418000,40.139658,-88.258014,12.89,202.9,183.0,10.0,0.511,1408.1,47.5,20.39
1331756419000,1331756419000,40.139542,-88.258024,12.89,203.0,183.0,10.0,0.544,1377.6,47.0,20.00
1331756420000,1331756420000,40.139426,-88.258033,12.82,203.1,183.0,10.0,0.544,1377.6,47.0,20.00
1331756421000,1331756421000,40.139310,-88.258042,12.76,203.1,183.0,10.0,0.566,1396.4,46.5,20.00
1331756422000,1331756422000,40.139195,-88.258050,12.76,203.2,182.0,10.0,0.572,1398.7,47.0,20.00
1331756423000,1331756423000,40.139079,-88.258058,12.76,203.3,182.0,10.0,0.604,1429.2,47.5,20.39
1331756424000,1331756424000,40.138964,-88.258063,12.76,203.3,181.0,10.0,0.686,1496.0,47.0,20.98
1331756425000,1331756425000,40.138848,-88.258065,12.82,203.3,180.0,10.0,0.686,1496.0,47.0,20.98
1331756426000,1331756426000,40.138731,-88.258066,12.89,203.3,180.0,10.0,0.728,1521.7,47.0,21.18
1331756427000,1331756427000,40.138614,-88.258066,12.95,203.3,180.0,10.0,0.673,1488.1,47.0,20.78
1331756428000,1331756428000,40.138496,-88.258066,13.01,203.3,180.0,10.0,0.639,1472.9,47.0,20.59
1331756429000,1331756429000,40.138378,-88.258066,13.14,203.2,180.0,10.0,0.639,1472.9,47.0,20.59
1331756430000,1331756430000,40.138258,-88.258067,13.20,203.1,180.0,10.0,0.624,1451.0,48.0,20.39
1331756431000,1331756431000,40.138138,-88.258067,13.20,203.1,180.0,10.0,0.617,1446.0,48.5,20.20
1331756432000,1331756432000,40.138018,-88.258067,13.20,203.1,180.0,10.0,0.689,1517.1,48.5,20.78
1331756433000,1331756433000,40.137898,-88.258067,13.32,203.1,180.0,10.0,0.788,1590.1,49.0,21.57
1331756434000,1331756434000,40.137777,-88.258066,13.39,203.1,179.0,10.0,0.788,1590.1,49.0,21.57
1331756435000,1331756435000,40.137655,-88.258064,13.51,203.2,179.0,10.0,0.915,1674.1,50.0,22.16
1331756436000,1331756436000,40.137531,-88.258060,13.70,203.3,179.0,10.0,1.011,1742.5,51.0,22.94
1331756437000,1331756437000,40.137406,-88.258057,13.95,203.4,179.0,10.0,0.881,1711.2,51.5,23.14
1331756438000,1331756438000,40.137279,-88.258055,14.14,203.6,179.0,10.0,0.881,1711.2,51.5,23.14
1331756439000,1331756439000,40.137151,-88.258054,14.14,203.8,180.0,10.0,0.728,1611.6,52.0,21.57
1331756440000,1331756440000,40.137024,-88.258057,14.07,204.1,181.0,10.0,0.861,1646.4,52.5,21.57
1331756441000,1331756441000,40.136897,-88.258061,14.07,204.4,181.0,10.0,0.954,1717.5,53.0,22.75
1331756442000,1331756442000,40.136770,-88.258066,14.01,204.8,182.0,10.0,0.683,1544.1,52.0,20.98
1331756443000,1331756443000,40.136645,-88.258070,13.95,205.2,181.0,10.0,0.683,1544.1,52.0,20.98
1331756444000,1331756444000,40.136520,-88.258074,13.64,205.4,181.0,10.0,0.633,1489.4,50.5,20.39
1331756445000,1331756445000,40.136398,-88.258078,13.45,205.7,181.0,10.0,0.706,1535.0,49.5,21.37
1331756446000,1331756446000,40.136277,-88.258082,13.20,206.0,181.0,10.0,0.481,1375.2,48.5,19.22
1331756447000,1331756447000,40.136159,-88.258084,12.95,206.3,180.0,10.0,0.633,1462.4,48.0,19.80
1331756448000,1331756448000,40.136042,-88.258087,12.82,206.6,180.0,10.0,0.633,1462.4,48.0,19.80
1331756449000,1331756449000,40.135926,-88.258088,12.82,206.8,180.0,10.0,0.885,1644.0,47.5,22.35
1331756450000,1331756450000,40.135809,-88.258089,12.89,207.1,180.0,10.0,0.667,1497.5,47.0,20.98
1331756451000,1331756451000,40.135692,-88.258088,12.89,207.3,179.0,10.0,0.346,1219.0,46.5,18.63
1331756452000,1331756452000,40.135577,-88.258086,12.57,207.4,179.0,10.0,0.240,1074.5,45.5,17.65
1331756453000,1331756453000,40.135466,-88.258082,12.07,207.6,179.0,10.0,0.240,1074.5,45.5,17.65
1331756454000,1331756454000,40.135360,-88.258078,11.45,207.8,178.0,10.0,0.241,1038.1,44.0,17.65
1331756455000,1331756455000,40.135259,-88.258071,10.95,207.9,177.0,10.0,0.241,1010.4,41.5,17.65
1331756456000,1331756456000,40.135161,-88.258062,10.76,208.0,175.0,10.0,0.450,1236.2,40.0,19.41
1331756457000,1331756457000,40.135064,-88.258050,10.76,208.1,173.0,10.0,0.797,1545.2,40.5,21.76
1331756458000,1331756458000,40.134967,-88.258034,10.95,208.0,173.0,10.0,0.797,1545.2,40.5,21.76
1331756459000,1331756459000,40.134868,-88.258016,11.26,207.8,172.0,10.0,0.733,1500.6,41.0,21.76
1331756460000,1331756460000,40.134767,-88.257999,11.38,207.8,173.0,10.0,0.388,1207.2,41.0,19.41
1331756461000,1331756461000,40.134666,-88.257985,11.20,207.8,174.0,10.0,0.244,994.0,40.0,17.65
1331756462000,1331756462000,40.134570,-88.257974,10.32,207.8,175.0,10.0,0.245,903.0,36.5,17.65
1331756463000,1331756463000,40.134484,-88.257964,9.01,207.7,174.0,10.0,0.245,903.0,36.5,17.65
1331756464000,1331756464000,40.134410,-88.257946,7.76,207.8,165.0,10.0,0.305,885.9,31.0,17.65
1331756465000,1331756465000,40.134347,-88.257916,7.38,207.6,155.0,10.0,0.357,944.1,28.0,17.65
1331756466000,1331756466000,40.134292,-88.257868,7.44,207.5,141.0,10.0,0.309,935.1,28.5,17.65
1331756467000,1331756467000,40.134254,-88.257796,7.38,207.2,123.0,10.0,0.309,935.1,28.5,17.65
1331756468000,1331756468000,40.134234,-88.257709,7.57,207.0,101.0,10.0,0.580,1236.6,28.5,20.00
1331756469000,1331756469000,40.134234,-88.257612,8.07,206.6,86.0,10.0,1.125,1692.9,30.5,23.53
1331756470000,1331756470000,40.134247,-88.257510,8.76,206.2,81.0,10.0,1.461,1860.5,34.0,25.69
1331756471000,1331756471000,40.134264,-88.257401,9.63,206.0,80.0,10.0,1.461,1860.5,34.0,25.69
1331756472000,1331756472000,40.134282,-88.257282,10.57,205.4,79.0,10.0,1.557,1910.5,37.0,26.67
1331756473000,1331756473000,40.134303,-88.257154,11.45,204.9,79.0,10.0,1.528,1923.4,42.0,26.27
1331756474000,1331756474000,40.134328,-88.257014,12.32,204.4,78.0,10.0,1.517,1951.9,46.0,25.88
1331756475000,1331756475000,40.134354,-88.256864,13.20,203.7,78.0,10.0,1.335,1902.2,49.5,24.90
1331756476000,1331756476000,40.134380,-88.256705,14.01,203.0,79.0,10.0,1.335,1902.2,49.5,24.90
1331756477000,1331756477000,40.134408,-88.256537,14.70,202.4,79.0,10.0,1.026,1790.9,53.0,23.53
1331756478000,1331756478000,40.134435,-88.256361,15.26,201.7,79.0,10.0,0.782,1673.2,55.0,22.35
1331756479000,1331756479000,40.134461,-88.256181,15.70,201.1,80.0,10.0,0.601,1571.0,58.0,20.78
1331756480000,1331756480000,40.134487,-88.255996,16.01,200.5,80.0,10.0,0.593,1575.4,60.0,20.20
1331756481000,1331756481000,40.134513,-88.255808,16.26,199.9,80.0,10.0,0.593,1575.4,60.0,20.20
1331756482000,1331756482000,40.134539,-88.255616,16.51,199.3,81.0,10.0,0.681,1638.6,61.0,20.78
1331756483000,1331756483000,40.134562,-88.255421,16.76,198.9,82.0,10.0,1.040,1848.0,62.0,22.35
1331756484000,1331756484000,40.134580,-88.255222,17.14,198.4,84.0,10.0,1.535,2103.5,63.0,25.10
1331756485000,1331756485000,40.134593,-88.255017,17.64,198.1,87.0,10.0,1.535,2103.5,63.0,25.10
1331756486000,1331756486000,40.134601,-88.254805,18.26,197.8,88.0,10.0,1.795,2210.5,66.0,27.06
1331756487000,1331756487000,40.134605,-88.254586,18.83,197.5,89.0,10.0,1.928,2272.1,70.0,27.84
1331756488000,1331756488000,40.134606,-88.254360,19.39,197.3,91.0,10.0,2.346,2408.0,73.0,30.98
1331756489000,1331756489000,40.134606,-88.254127,20.14,197.6,91.0,10.0,2.722,2531.9,75.0,34.12
1331756490000,1331756490000,40.134606,-88.253883,20.89,197.8,91.0,10.0,2.722,2531.9,75.0,34.12
1331756491000,1331756491000,40.134605,-88.253631,21.70,197.7,90.0,10.0,2.739,2569.0,78.5,34.51
1331756492000,1331756492000,40.134604,-88.253370,22.39,197.6,90.0,10.0,2.716,2595.5,82.0,34.31
1331756493000,1331756493000,40.134606,-88.253101,23.08,197.4,90.0,10.0,2.743,2629.5,85.0,34.12
1331756494000,1331756494000,40.134609,-88.252824,23.83,197.3,89.0,10.0,2.880,2698.2,88.0,34.90
1331756495000,1331756495000,40.134616,-88.252538,24.46,197.5,88.0,10.0,2.880,2698.2,88.0,34.90
1331756496000,1331756496000,40.134624,-88.252245,25.15,197.3,88.0,10.0,2.999,2764.2,91.5,36.47
1331756497000,1331756497000,40.134630,-88.251944,25.90,197.1,89.0,10.0,3.067,2810.7,95.0,37.45
1331756498000,1331756498000,40.134635,-88.251633,26.58,196.9,89.0,10.0,3.116,2853.4,98.5,37.84
1331756499000,1331756499000,40.134638,-88.251314,27.27,196.6,89.0,10.0,3.160,2893.2,102.0,38.04
1331756500000,1331756500000,40.134641,-88.250986,28.02,196.2,89.0,10.0,3.160,2893.2,102.0,38.04
1331756501000,1331756501000,40.134645,-88.250651,28.59,195.8,89.0,10.0,3.165,2868.2,105.0,38.04
1331756502000,1331756502000,40.134649,-88.250308,29.21,195.6,89.0,10.0,2.993,2680.7,108.0,37.65
1331756503000,1331756503000,40.134653,-88.249958,29.77,195.3,89.0,10.0,2.772,2565.9,110.0,35.88
1331756504000,1331756504000,40.134657,-88.249603,30.27,195.2,89.0,10.0,2.610,2613.1,112.0,33.33
1331756505000,1331756505000,40.134661,-88.249242,30.65,195.1,89.0,10.0,2.610,2613.1,112.0,33.33
1331756506000,1331756506000,40.134666,-88.248876,31.09,194.8,89.0,10.0,2.532,2652.6,114.0,31.96
1331756507000,1331756507000,40.134671,-88.248506,31.46,194.6,89.0,10.0,2.489,2698.4,116.0,31.37
1331756508000,1331756508000,40.134675,-88.248133,31.71,194.5,89.0,10.0,2.362,2736.6,117.5,30.39
1331756509000,1331756509000,40.134680,-88.247756,32.09,194.1,89.0,10.0,2.362,2736.6,117.5,30.39
1331756510000,1331756510000,40.134685,-88.247375,32.46,193.8,89.0,10.0,2.143,2753.7,119.0,28.63
1331756511000,1331756511000,40.134690,-88.246991,32.46,193.6,89.0,10.0,2.007,2770.1,120.0,27.65
1331756512000,1331756512000,40.134694,-88.246606,32.59,193.5,89.0,10.0,1.714,2777.2,120.0,25.69
1331756513000,1331756513000,40.134697,-88.246220,32.53,193.4,90.0,10.0,1.394,2769.9,120.0,24.12
1331756514000,1331756514000,40.134699,-88.245836,32.46,193.2,90.0,10.0,1.394,2769.9,120.0,24.12
1331756515000,1331756515000,40.134700,-88.245453,32.34,193.1,90.0,10.0,1.436,2758.9,119.5,24.71
1331756516000,1331756516000,40.134701,-88.245073,32.28,193.2,90.0,10.0,1.490,2749.9,119.0,24.90
1331756517000,1331756517000,40.134703,-88.244694,32.15,193.5,89.0,10.0,1.419,2740.9,118.5,24.71
1331756518000,1331756518000,40.134705,-88.244315,32.09,193.6,89.0,10.0,1.180,2724.9,118.5,23.33
1331756519000,1331756519000,40.134708,-88.243938,31.90,193.6,90.0,10.0,1.180,2724.9,118.5,23.33
1331756520000,1331756520000,40.134708,-88.243566,31.53,193.5,90.0,10.0,0.736,2615.5,117.5,20.98
1331756521000,1331756521000,40.134712,-88.243196,31.34,193.5,89.0,10.0,0.421,2472.1,115.5,19.22
1331756522000,1331756522000,40.134718,-88.242831,30.90,193.6,89.0,10.0,0.381,2392.1,113.5,18.63
1331756523000,1331756523000,40.134724,-88.242472,30.27,193.5,89.0,10.0,0.381,2392.1,113.5,18.63
1331756524000,1331756524000,40.134731,-88.242122,29.71,193.7,89.0,10.0,0.375,2318.2,110.5,18.43
1331756525000,1331756525000,40.134739,-88.241776,29.21,193.9,88.0,10.0,0.417,2363.9,108.5,18.43
1331756526000,1331756526000,40.134751,-88.241440,28.59,194.0,87.0,10.0,1.065,2471.0,106.5,21.76
1331756527000,1331756527000,40.134765,-88.241107,28.40,193.9,87.0,10.0,1.800,2464.4,105.0,26.27
1331756528000,1331756528000,40.134777,-88.240775,28.46,194.2,88.0,10.0,1.800,2464.4,105.0,26.27
1331756529000,1331756529000,40.134786,-88.240441,28.59,194.8,88.0,10.0,1.944,2440.9,105.5,27.45
1331756530000,1331756530000,40.134794,-88.240104,28.71,195.3,89.0,10.0,1.895,2456.9,106.0,27.25
1331756531000,1331756531000,40.134800,-88.239766,28.84,195.7,89.0,10.0,1.529,2467.0,106.5,25.29
1331756532000,1331756532000,40.134805,-88.239426,28.96,196.0,89.0,10.0,1.529,2467.0,106.5,25.29
1331756533000,1331756533000,40.134807,-88.239087,28.90,196.1,89.0,10.0,1.105,2463.9,106.5,22.94
1331756534000,1331756534000,40.134810,-88.238747,28.84,196.1,89.0,10.0,1.441,2472.1,106.0,24.90
1331756535000,1331756535000,40.134813,-88.238407,29.09,196.0,89.0,10.0,1.858,2501.9,108.0,27.06
1331756536000,1331756536000,40.134816,-88.238063,29.40,195.8,89.0,10.0,1.871,2542.1,110.5,27.06
1331756537000,1331756537000,40.134819,-88.237714,29.77,195.6,89.0,10.0,1.871,2542.1,110.5,27.06
1331756538000,1331756538000,40.134822,-88.237362,30.15,195.3,89.0,10.0,1.822,2578.7,112.0,27.06
1331756539000,1331756539000,40.134825,-88.237005,30.40,195.1,89.0,10.0,1.500,2593.6,112.5,25.29
1331756540000,1331756540000,40.134827,-88.236648,30.40,195.1,90.0,10.0,1.098,2582.0,112.5,23.14
1331756541000,1331756541000,40.134828,-88.236291,30.27,195.3,90.0,10.0,0.823,2547.2,111.5,21.76
1331756542000,1331756542000,40.134826,-88.235937,29.90,195.7,91.0,10.0,0.823,2547.2,111.5,21.76
1331756543000,1331756543000,40.134821,-88.235588,29.52,196.2,91.0,10.0,0.838,2503.1,109.0,21.57
1331756544000,1331756544000,40.134817,-88.235245,29.09,196.8,91.0,10.0,1.306,2471.4,107.5,23.53
1331756545000,1331756545000,40.134815,-88.234905,28.84,197.3,90.0,10.0,1.844,2463.9,106.5,26.27
1331756546000,1331756546000,40.134814,-88.234566,28.90,197.8,90.0,10.0,1.844,2463.9,106.5,26.27
1331756547000,1331756547000,40.134812,-88.234227,29.02,198.3,90.0,10.0,2.033,2476.4,106.5,27.84
1331756548000,1331756548000,40.134809,-88.233885,29.15,198.7,91.0,10.0,2.067,2495.5,108.0,28.43
1331756549000,1331756549000,40.134806,-88.233541,29.40,199.0,91.0,10.0,2.021,2516.2,109.5,28.24
1331756550000,1331756550000,40.134804,-88.233195,29.59,199.2,90.0,10.0,1.961,2538.5,109.5,27.84
1331756551000,1331756551000,40.134803,-88.232847,29.77,199.3,90.0,10.0,1.961,2538.5,109.5,27.84
1331756552000,1331756552000,40.134804,-88.232495,30.02,199.1,90.0,10.0,1.936,2565.5,110.0,27.45
1331756553000,1331756553000,40.134805,-88.232140,30.27,198.7,90.0,10.0,1.743,2591.0,111.5,26.86
1331756554000,1331756554000,40.134807,-88.231784,30.46,198.5,89.0,10.0,1.354,2604.6,112.0,25.10
1331756555000,1331756555000,40.134809,-88.231425,30.59,198.3,89.0,10.0,0.950,2610.9,113.0,22.35
1331756556000,1331756556000,40.134813,-88.231066,30.65,197.9,89.0,10.0,0.610,2515.6,113.5,20.20
1331756557000,1331756557000,40.134817,-88.230707,30.59,197.4,89.0,10.0,0.610,2515.6,113.5,20.20
1331756558000,1331756558000,40.134821,-88.230350,30.40,196.9,89.0,10.0,0.948,2589.7,112.5,21.18
1331756559000,1331756559000,40.134825,-88.229992,30.52,196.4,89.0,10.0,1.165,2692.0,113.0,22.75
1331756560000,1331756560000,40.134829,-88.229632,30.71,195.6,89.0,10.0,0.865,2628.0,113.5,22.16
1331756561000,1331756561000,40.134833,-88.229272,30.71,194.7,89.0,10.0,0.847,2637.4,113.0,21.96
1331756562000,1331756562000,40.134836,-88.228910,30.84,193.6,89.0,10.0,0.847,2637.4,113.0,21.96
1331756563000,1331756563000,40.134840,-88.228546,30.96,192.4,89.0,10.0,0.872,2644.7,113.5,21.96
1331756564000,1331756564000,40.134845,-88.228182,31.02,191.3,89.0,10.0,0.895,2650.6,115.0,21.96
1331756565000,1331756565000,40.134848,-88.227818,31.09,190.3,89.0,10.0,0.887,2649.9,115.0,21.96
1331756566000,1331756566000,40.134852,-88.227453,31.09,189.5,89.0,10.0,0.887,2649.9,115.0,21.96
1331756567000,1331756567000,40.134856,-88.227090,31.02,188.9,89.0,10.0,0.885,2638.6,114.5,21.96
1331756568000,1331756568000,40.134859,-88.226727,30.77,188.3,90.0,10.0,0.810,2616.7,114.0,21.57
1331756569000,1331756569000,40.134862,-88.226368,30.52,188.1,90.0,10.0,0.572,2471.4,112.0,20.00
1331756570000,1331756570000,40.134866,-88.226014,30.02,188.1,90.0,10.0,0.392,2302.2,110.0,18.63
1331756571000,1331756571000,40.134870,-88.225667,29.52,188.2,89.0,10.0,0.392,2302.2,110.0,18.63
1331756572000,1331756572000,40.134876,-88.225327,28.84,188.5,89.0,10.0,0.367,2227.6,107.5,18.43
1331756573000,1331756573000,40.134881,-88.224994,28.21,188.6,89.0,10.0,0.356,2159.6,105.0,18.43
1331756574000,1331756574000,40.134886,-88.224668,27.65,188.5,90.0,10.0,0.344,2099.5,102.5,18.24
1331756575000,1331756575000,40.134887,-88.224348,27.15,188.7,90.0,10.0,0.333,2048.4,100.0,18.04
1331756576000,1331756576000,40.134883,-88.224034,26.65,188.7,92.0,10.0,0.333,2048.4,100.0,18.04
1331756577000,1331756577000,40.134876,-88.223726,26.21,188.7,92.0,10.0,0.320,1996.7,98.0,18.04
1331756578000,1331756578000,40.134865,-88.223423,25.83,188.5,93.0,10.0,0.304,1944.4,96.0,18.04
1331756579000,1331756579000,40.134853,-88.223125,25.40,188.4,93.0,10.0,0.285,1898.0,94.0,17.84
1331756580000,1331756580000,40.134838,-88.222832,25.02,188.3,94.0,10.0,0.266,1848.4,92.5,17.65
1331756581000,1331756581000,40.134821,-88.222542,24.64,188.1,95.0,10.0,0.266,1848.4,92.5,17.65
1331756582000,1331756582000,40.134801,-88.222258,24.33,187.8,95.0,10.0,0.249,1790.1,90.5,17.65
1331756583000,1331756583000,40.134779,-88.221979,23.77,187.6,96.0,10.0,0.241,1715.5,87.5,17.65
1331756584000,1331756584000,40.134747,-88.221710,23.08,187.6,99.0,10.0,0.240,1602.2,84.5,17.65
1331756585000,1331756585000,40.134703,-88.221459,22.02,188.1,104.0,10.0,0.241,1442.9,79.0,17.65
1331756586000,1331756586000,40.134643,-88.221232,20.33,189.2,109.0,10.0,0.241,1442.9,79.0,17.65
1331756587000,1331756587000,40.134578,-88.221024,19.20,190.5,111.0,10.0,0.242,1288.5,73.0,17.65
1331756588000,1331756588000,40.134514,-88.220824,18.51,191.5,111.0,10.0,0.242,1176.0,69.0,17.65
1331756589000,1331756589000,40.134454,-88.220635,17.26,192.9,111.0,10.0,0.242,1181.9,64.0,17.65
1331756590000,1331756590000,40.134399,-88.220460,15.64,193.4,110.0,10.0,0.242,1181.9,64.0,17.65
1331756591000,1331756591000,40.134353,-88.220301,14.01,194.2,108.0,10.0,0.243,1169.0,57.0,17.65
1331756592000,1331756592000,40.134314,-88.220159,12.32,194.9,108.0,10.0,0.248,1045.2,48.5,17.65
1331756593000,1331756593000,40.134278,-88.220039,10.76,194.9,109.0,10.0,0.251,959.7,41.5,17.65
1331756594000,1331756594000,40.134245,-88.219931,9.70,195.0,110.0,10.0,0.251,898.7,35.5,17.65
1331756595000,1331756595000,40.134213,-88.219839,8.32,194.9,113.0,10.0,0.251,898.7,35.5,17.65
1331756596000,1331756596000,40.134184,-88.219766,6.38,194.9,118.0,10.0,0.252,875.2,27.5,17.65
1331756597000,1331756597000,40.134158,-88.219718,4.32,195.2,123.0,10.0,0.247,917.5,17.5,17.65
1331756598000,1331756598000,40.134143,-88.219692,2.31,196.2,124.0,10.0,0.241,834.4,9.5,17.65
1331756599000,1331756599000,40.134136,-88.219682,0.88,197.1,126.0,10.0,0.443,985.9,5.0,18.24
1331756600000,1331756600000,40.134131,-88.219681,0.69,197.3,127.0,10.0,0.443,985.9,5.0,18.24
1331756601000,1331756601000,40.134121,-88.219676,1.81,197.0,130.0,10.0,0.822,1472.9,6.5,20.78
1331756602000,1331756602000,40.134100,-88.219664,3.57,196.8,146.0,10.0,1.124,1885.4,13.0,23.33
1331756603000,1331756603000,40.134064,-88.219644,5.07,197.0,158.0,10.0,1.348,2047.9,19.5,24.51
1331756604000,1331756604000,40.134012,-88.219628,6.38,197.0,168.0,10.0,1.348,2047.9,19.5,24.51
1331756605000,1331756605000,40.133946,-88.219618,7.82,196.5,173.0,10.0,1.381,2031.1,26.5,24.90
1331756606000,1331756606000,40.133869,-88.219611,8.88,196.1,175.0,10.0,1.078,1823.7,32.0,23.53
1331756607000,1331756607000,40.133783,-88.219605,9.63,195.9,176.0,10.0,0.684,1517.9,35.5,21.76
1331756608000,1331756608000,40.133692,-88.219600,10.13,195.6,177.0,10.0,0.400,1332.0,38.0,19.41
1331756609000,1331756609000,40.133597,-88.219597,10.38,195.3,177.0,10.0,0.400,1332.0,38.0,19.41
1331756610000,1331756610000,40.133500,-88.219595,10.51,194.8,178.0,10.0,0.271,1239.0,39.0,17.65
1331756611000,1331756611000,40.133403,-88.219593,10.45,194.3,179.0,10.0,0.268,1228.0,38.5,17.65
1331756612000,1331756612000,40.133309,-88.219592,10.07,193.9,179.0,10.0,0.266,1178.7,36.5,17.65
1331756613000,1331756613000,40.133218,-88.219593,9.57,193.6,179.0,10.0,0.266,1178.7,36.5,17.65
1331756614000,1331756614000,40.133134,-88.219593,8.94,193.4,179.0,10.0,0.265,1114.2,34.0,17.65
1331756615000,1331756615000,40.133056,-88.219593,8.32,193.1,179.0,10.0,0.265,1040.5,32.0,17.65
1331756616000,1331756616000,40.132984,-88.219593,7.44,193.0,179.0,10.0,0.252,958.1,28.5,17.65
1331756617000,1331756617000,40.132921,-88.219593,6.44,192.9,179.0,10.0,0.241,889.4,23.5,17.65
1331756618000,1331756618000,40.132867,-88.219595,5.38,192.8,180.0,10.0,0.241,889.4,23.5,17.65
1331756619000,1331756619000,40.132823,-88.219596,4.19,192.9,180.0,10.0,0.241,991.0,19.0,17.65
1331756620000,1331756620000,40.132790,-88.219597,3.13,192.9,180.0,10.0,0.236,1033.5,14.0,17.45
1331756621000,1331756621000,40.132765,-88.219597,2.38,193.0,179.0,10.0,0.233,858.9,9.0,17.25
1331756622000,1331756622000,40.132748,-88.219597,1.44,193.2,179.0,10.0,0.227,766.0,5.0,17.25
1331756623000,1331756623000,40.132738,-88.219598,0.69,193.3,180.0,10.0,0.227,766.0,5.0,17.25
1331756624000,1331756624000,40.132735,-88.219602,0.00,193.1,180.0,10.0,0.220,758.5,3.0,17.25
1331756625000,1331756625000,40.132735,-88.219602,0.00,193.1,180.0,10.0,0.218,754.1,3.0,17.25
1331756626000,1331756626000,40.132735,-88.219602,0.00,193.1,180.0,10.0,0.219,753.7,1.5,17.25
1331756627000,1331756627000,40.132735,-88.219602,0.00,193.1,180.0,10.0,0.219,751.0,0.0,17.25
1331756628000,1331756628000,40.132735,-88.219602,0.00,193.1,180.0,10.0,0.219,751.0,0.0,17.25
1331756629000,1331756629000,40.132735,-88.219602,0.00,193.1,180.0,10.0,0.217,750.6,0.0,17.25
1331756630000,1331756630000,40.132735,-88.219602,0.00,193.1,180.0,10.0,0.210,739.7,0.0,17.25
1331756631000,1331756631000,40.132735,-88.219602,0.00,193.1,180.0,10.0,0.203,727.6,0.0,17.25
1331756632000,1331756632000,40.132735,-88.219602,0.00,193.1,180.0,10.0,0.203,727.6,0.0,17.25
1331756633000,1331756633000,40.132735,-88.219602,0.00,193.1,180.0,10.0,0.378,963.1,1.5,18.04
1331756634000,1331756634000,40.132720,-88.219607,1.75,192.9,179.0,10.0,0.671,1397.9,5.5,20.20
1331756635000,1331756635000,40.132697,-88.219608,3.25,192.9,180.0,10.0,0.847,1684.6,12.0,21.96
1331756636000,1331756636000,40.132661,-88.219610,4.57,192.9,181.0,10.0,1.044,1803.4,18.0,23.33
1331756637000,1331756637000,40.132615,-88.219612,5.69,192.9,179.0,10.0,1.044,1803.4,18.0,23.33
1331756638000,1331756638000,40.132557,-88.219614,6.88,192.9,180.0,10.0,1.198,1883.0,23.5,24.12
1331756639000,1331756639000,40.132491,-88.219615,7.88,193.0,179.0,10.0,1.255,1987.7,29.0,23.92
1331756640000,1331756640000,40.132416,-88.219616,8.76,193.2,179.0,10.0,1.275,1955.7,33.0,24.12
1331756641000,1331756641000,40.132333,-88.219617,9.57,193.3,179.0,10.0,1.275,1955.7,33.0,24.12
1331756642000,1331756642000,40.132245,-88.219618,10.32,193.7,179.0,10.0,1.269,1897.9,37.0,24.31
1331756643000,1331756643000,40.132148,-88.219618,11.01,193.9,179.0,10.0,1.318,1953.0,40.0,24.51
1331756644000,1331756644000,40.132046,-88.219617,11.63,194.1,179.0,10.0,1.354,1994.9,43.0,24.71
1331756645000,1331756645000,40.131938,-88.219616,12.26,194.3,179.0,10.0,1.393,2015.1,45.5,24.90
1331756646000,1331756646000,40.131824,-88.219615,12.76,194.5,179.0,10.0,1.393,2015.1,45.5,24.90
1331756647000,1331756647000,40.131706,-88.219614,13.26,194.8,179.0,10.0,1.402,1968.2,48.0,25.10
1331756648000,1331756648000,40.131584,-88.219611,13.70,195.0,178.0,10.0,1.350,1917.5,50.0,24.90
1331756649000,1331756649000,40.131458,-88.219606,14.07,195.3,178.0,10.0,1.213,1866.6,51.0,24.12
1331756650000,1331756650000,40.131328,-88.219600,14.39,195.5,178.0,10.0,1.109,1827.1,54.0,23.53
1331756651000,1331756651000,40.131196,-88.219593,14.76,195.7,178.0,10.0,1.109,1827.1,54.0,23.53
1331756652000,1331756652000,40.131060,-88.219587,15.07,195.7,178.0,10.0,1.014,1779.5,56.5,22.75
1331756653000,1331756653000,40.130922,-88.219583,15.26,195.7,178.0,10.0,0.886,1720.1,57.0,21.96
1331756654000,1331756654000,40.130782,-88.219579,15.51,195.7,179.0,10.0,0.888,1738.5,58.0,22.16
1331756655000,1331756655000,40.130641,-88.219576,15.64,195.8,179.0,10.0,0.888,1738.5,58.0,22.16
1331756656000,1331756656000,40.130498,-88.219574,15.83,196.0,179.0,10.0,0.966,1791.6,58.5,22.75
1331756657000,1331756657000,40.130353,-88.219573,16.01,196.2,180.0,10.0,1.026,1829.9,59.0,23.14
1331756658000,1331756658000,40.130208,-88.219571,16.14,196.4,180.0,10.0,1.081,1862.4,60.0,23.33
1331756659000,1331756659000,40.130060,-88.219570,16.33,196.7,180.0,10.0,1.132,1897.1,60.5,23.53
1331756660000,1331756660000,40.129911,-88.219569,16.51,196.9,179.0,10.0,1.132,1897.1,60.5,23.53
1331756661000,1331756661000,40.129760,-88.219569,16.64,197.1,179.0,10.0,0.696,1520.5,61.0,20.39
1331756662000,1331756662000,40.129610,-88.219568,16.45,197.3,179.0,10.0,0.248,1235.7,60.5,17.45
1331756663000,1331756663000,40.129463,-88.219568,16.14,197.5,179.0,10.0,0.240,1288.9,59.5,17.65
1331756664000,1331756664000,40.129318,-88.219567,15.83,197.7,179.0,10.0,0.240,1288.9,59.5,17.65
1331756665000,1331756665000,40.129176,-88.219565,15.57,197.8,179.0,10.0,0.241,1236.1,58.0,17.65
1331756666000,1331756666000,40.129037,-88.219564,15.32,197.9,180.0,10.0,0.244,1233.9,56.5,17.65
1331756667000,1331756667000,40.128899,-88.219565,15.14,197.9,180.0,10.0,0.244,1229.6,55.5,17.65
1331756668000,1331756668000,40.128763,-88.219567,14.95,197.9,180.0,10.0,0.244,1221.4,55.5,17.65
1331756669000,1331756669000,40.128628,-88.219570,14.76,197.9,181.0,10.0,0.244,1221.4,55.5,17.65
1331756670000,1331756670000,40.128494,-88.219574,14.64,198.0,181.0,10.0,0.246,1215.5,55.0,17.65
1331756671000,1331756671000,40.128362,-88.219580,14.51,198.0,182.0,10.0,0.281,1263.5,53.5,17.65
1331756672000,1331756672000,40.128232,-88.219586,14.39,198.1,181.0,10.0,0.514,1455.4,53.0,19.41
1331756673000,1331756673000,40.128101,-88.219591,14.45,198.1,181.0,10.0,0.696,1584.4,53.0,20.98
1331756674000,1331756674000,40.127969,-88.219594,14.57,198.2,180.0,10.0,0.696,1584.4,53.0,20.98
1331756675000,1331756675000,40.127836,-88.219597,14.70,198.3,180.0,10.0,0.704,1595.2,53.0,20.98
1331756676000,1331756676000,40.127702,-88.219599,14.82,198.5,180.0,10.0,0.790,1645.2,53.5,21.57
1331756677000,1331756677000,40.127567,-88.219601,14.89,198.7,180.0,10.0,0.790,1645.2,53.5,21.57
1331756678000,1331756678000,40.127433,-88.219602,14.82,199.1,179.0,10.0,0.954,1738.2,54.5,22.55
1331756679000,1331756679000,40.127297,-88.219601,14.95,199.4,180.0,10.0,1.052,1808.9,56.0,23.14
1331756680000,1331756680000,40.127161,-88.219600,15.14,199.8,179.0,10.0,1.051,1813.1,56.5,23.14
1331756681000,1331756681000,40.127023,-88.219597,15.32,200.0,179.0,10.0,1.051,1813.1,56.5,23.14
1331756682000,1331756682000,40.126885,-88.219593,15.45,200.2,178.0,10.0,0.667,1592.0,56.0,21.18
1331756683000,1331756683000,40.126746,-88.219585,15.32,200.2,177.0,10.0,0.261,1285.4,56.0,18.43
1331756684000,1331756684000,40.126608,-88.219575,15.20,200.1,177.0,10.0,0.249,1217.1,56.5,17.65
1331756685000,1331756685000,40.126471,-88.219566,15.07,199.9,177.0,10.0,0.247,1231.2,56.5,17.65
1331756686000,1331756686000,40.126335,-88.219557,15.14,199.7,177.0,10.0,0.247,1231.2,56.5,17.65
1331756687000,1331756687000,40.126198,-88.219549,15.14,199.4,178.0,10.0,0.244,1231.2,55.5,17.65
1331756688000,1331756688000,40.126062,-88.219544,15.01,199.2,179.0,10.0,0.246,1234.4,55.0,17.65
1331756689000,1331756689000,40.125927,-88.219540,14.89,199.1,179.0,10.0,0.265,1248.4,54.5,17.65
1331756690000,1331756690000,40.125793,-88.219537,14.70,199.1,179.0,10.0,0.265,1248.4,54.5,17.65
1331756691000,1331756691000,40.125661,-88.219535,14.57,199.2,179.0,10.0,0.292,1270.2,54.0,17.84
1331756692000,1331756692000,40.125529,-88.219531,14.39,199.3,179.0,10.0,0.407,1351.1,53.5,19.02
1331756693000,1331756693000,40.125399,-88.219528,14.26,199.4,179.0,10.0,0.511,1428.4,53.0,19.80
1331756694000,1331756694000,40.125270,-88.219525,14.26,199.4,179.0,10.0,0.511,1428.4,53.0,19.80
1331756695000,1331756695000,40.125141,-88.219522,14.26,199.4,179.0,10.0,0.539,1448.2,53.5,19.61
1331756696000,1331756696000,40.125011,-88.219519,14.32,199.4,179.0,10.0,0.919,1679.1,53.5,21.37
1331756697000,1331756697000,40.124880,-88.219517,14.70,199.3,180.0,10.0,1.312,1925.6,54.0,24.31
1331756698000,1331756698000,40.124745,-88.219516,15.26,199.2,180.0,10.0,1.310,1957.2,56.5,24.90
1331756699000,1331756699000,40.124604,-88.219515,15.76,199.0,179.0,10.0,1.310,1957.2,56.5,24.90
1331756700000,1331756700000,40.124460,-88.219513,16.20,198.7,179.0,10.0,1.247,1936.1,60.0,24.31
1331756701000,1331756701000,40.124312,-88.219511,16.64,198.5,179.0,10.0,0.889,1770.5,61.5,22.16
1331756702000,1331756702000,40.124160,-88.219509,16.89,198.3,179.0,10.0,0.591,1629.1,62.0,19.80
1331756703000,1331756703000,40.124006,-88.219508,17.01,198.3,179.0,10.0,0.606,1628.7,63.0,19.80
1331756704000,1331756704000,40.123851,-88.219506,17.08,198.1,179.0,10.0,0.606,1628.7,63.0,19.80
1331756705000,1331756705000,40.123696,-88.219504,17.20,198.0,179.0,10.0,0.564,1619.7,64.0,20.39
1331756706000,1331756706000,40.123540,-88.219504,17.20,197.8,179.0,10.0,0.396,1358.0,64.0,19.22
1331756707000,1331756707000,40.123385,-88.219502,17.08,197.7,179.0,10.0,0.362,1333.0,63.0,18.04
1331756708000,1331756708000,40.123231,-88.219500,17.01,197.5,179.0,10.0,0.473,1566.2,63.0,19.80
1331756709000,1331756709000,40.123078,-88.219500,17.01,197.4,179.0,10.0,0.473,1566.2,63.0,19.80
1331756710000,1331756710000,40.122924,-88.219498,16.95,197.3,179.0,10.0,0.473,1596.0,63.0,19.80
1331756711000,1331756711000,40.122772,-88.219496,16.76,197.2,179.0,10.0,0.955,1821.7,63.0,21.37
1331756712000,1331756712000,40.122619,-88.219494,17.01,197.1,178.0,10.0,1.398,1987.7,64.0,24.51
1331756713000,1331756713000,40.122463,-88.219488,17.45,197.2,177.0,10.0,0.864,1587.0,65.5,21.37
1331756714000,1331756714000,40.122304,-88.219482,17.64,197.1,177.0,10.0,0.864,1587.0,65.5,21.37
1331756715000,1331756715000,40.122146,-88.219476,17.39,197.1,178.0,10.0,0.374,1409.6,65.0,17.84
1331756716000,1331756716000,40.121990,-88.219470,17.26,197.2,178.0,10.0,0.524,1626.9,64.5,19.22
1331756717000,1331756717000,40.121835,-88.219466,17.14,197.2,179.0,10.0,0.827,1744.9,64.0,21.76
1331756718000,1331756718000,40.121680,-88.219464,17.20,197.3,179.0,10.0,0.827,1744.9,64.0,21.76
1331756719000,1331756719000,40.121525,-88.219463,17.26,197.5,179.0,10.0,0.847,1764.7,63.0,22.55
1331756720000,1331756720000,40.121369,-88.219462,17.26,197.7,180.0,10.0,0.889,1781.5,63.0,22.55
1331756721000,1331756721000,40.121213,-88.219467,17.20,198.0,181.0,10.0,0.943,1801.7,63.5,22.94
1331756722000,1331756722000,40.121057,-88.219473,17.20,198.4,182.0,10.0,0.982,1808.9,64.0,23.14
1331756723000,1331756723000,40.120902,-88.219479,17.08,198.8,181.0,10.0,0.982,1808.9,64.0,23.14
1331756724000,1331756724000,40.120748,-88.219484,17.14,199.1,181.0,10.0,0.952,1792.5,63.5,23.14
1331756725000,1331756725000,40.120593,-88.219486,17.08,199.4,180.0,10.0,0.497,1385.0,63.0,20.39
1331756726000,1331756726000,40.120440,-88.219486,16.83,199.6,179.0,10.0,0.241,1208.5,62.5,17.65
1331756727000,1331756727000,40.120289,-88.219485,16.64,199.6,179.0,10.0,0.241,1208.5,62.5,17.65
1331756728000,1331756728000,40.120139,-88.219480,16.51,199.7,179.0,10.0,0.330,1427.2,61.0,18.04
1331756729000,1331756729000,40.119990,-88.219475,16.45,199.7,179.0,10.0,0.332,1299.5,60.0,18.04
1331756730000,1331756730000,40.119842,-88.219473,16.39,199.6,180.0,10.0,0.239,1192.5,60.5,17.65
1331756731000,1331756731000,40.119695,-88.219471,16.26,199.3,179.0,10.0,0.237,1271.0,60.0,17.65
1331756732000,1331756732000,40.119550,-88.219469,15.95,199.1,180.0,10.0,0.237,1271.0,60.0,17.65
1331756733000,1331756733000,40.119409,-88.219468,15.26,198.9,180.0,10.0,0.240,1222.1,57.5,17.65
1331756734000,1331756734000,40.119276,-88.219465,14.45,198.5,179.0,10.0,0.245,1171.4,53.5,17.65
1331756735000,1331756735000,40.119151,-88.219461,13.39,198.1,179.0,10.0,0.250,1101.5,49.0,17.65
1331756736000,1331756736000,40.119037,-88.219460,12.07,197.7,179.0,10.0,0.256,1006.1,43.5,17.65
1331756737000,1331756737000,40.118936,-88.219458,10.63,197.5,179.0,10.0,0.256,1006.1,43.5,17.65
1331756738000,1331756738000,40.118847,-88.219456,9.13,197.2,179.0,10.0,0.252,917.9,36.5,17.65
1331756739000,1331756739000,40.118773,-88.219453,7.76,197.3,179.0,10.0,0.244,866.0,30.0,17.65
1331756740000,1331756740000,40.118714,-88.219452,5.94,197.1,180.0,10.0,0.241,910.1,22.0,17.65
1331756741000,1331756741000,40.118673,-88.219456,3.94,197.0,184.0,10.0,0.237,929.6,13.5,17.65
1331756742000,1331756742000,40.118649,-88.219461,2.38,197.1,182.0,10.0,0.237,929.6,13.5,17.65
1331756743000,1331756743000,40.118632,-88.219465,2.25,197.0,182.0,10.0,0.231,861.2,9.0,17.45
1331756744000,1331756744000,40.118618,-88.219467,1.50,197.1,180.0,10.0,0.227,787.7,6.0,17.25
1331756745000,1331756745000,40.118611,-88.219468,0.31,197.2,178.0,10.0,0.221,748.2,3.5,17.25
1331756746000,1331756746000,40.118611,-88.219468,0.00,197.2,174.0,10.0,0.216,751.7,3.0,17.25
1331756747000,1331756747000,40.118611,-88.219468,0.00,197.2,174.0,10.0,0.216,751.7,3.0,17.25
1331756748000,1331756748000,40.118611,-88.219468,0.00,197.2,174.0,10.0,0.217,751.0,1.5,17.25
1331756749000,1331756749000,40.118611,-88.219468,0.00,197.2,174.0,10.0,0.227,767.1,1.5,17.45
1331756750000,1331756750000,40.118611,-88.219468,0.00,197.2,174.0,10.0,0.420,1058.5,4.0,19.02
1331756751000,1331756751000,40.118611,-88.219468,0.00,197.2,174.0,10.0,0.420,1058.5,4.0,19.02
1331756752000,1331756752000,40.118578,-88.219474,2.38,197.5,173.0,10.0,0.731,1506.5,7.5,20.98
1331756753000,1331756753000,40.118550,-88.219479,3.69,197.5,185.0,10.0,0.991,1746.0,14.0,22.35
1331756754000,1331756754000,40.118509,-88.219482,4.94,197.5,181.0,10.0,1.279,1889.7,21.0,24.31
1331756755000,1331756755000,40.118456,-88.219482,6.25,197.4,178.0,10.0,1.279,1889.7,21.0,24.31
1331756756000,1331756756000,40.118391,-88.219483,7.44,197.4,180.0,10.0,1.311,1967.9,27.0,24.71
1331756757000,1331756757000,40.118317,-88.219482,8.57,197.2,179.0,10.0,1.219,1893.6,31.0,24.12
1331756758000,1331756758000,40.118237,-88.219478,9.38,196.9,179.0,10.0,1.251,1837.4,35.0,24.31
1331756759000,1331756759000,40.118149,-88.219476,10.07,196.7,179.0,10.0,1.251,1837.4,35.0,24.31
1331756760000,1331756760000,40.118054,-88.219473,10.82,196.5,179.0,10.0,1.257,1873.7,39.0,24.31
1331756761000,1331756761000,40.117953,-88.219471,11.45,196.2,179.0,10.0,1.038,1788.6,41.0,22.94
1331756762000,1331756762000,40.117847,-88.219469,11.82,196.0,180.0,10.0,0.638,1609.2,42.5,20.98
1331756763000,1331756763000,40.117738,-88.219468,12.07,195.7,180.0,10.0,0.386,1348.6,44.0,19.80
1331756764000,1331756764000,40.117628,-88.219466,12.07,195.4,179.0,10.0,0.288,1126.7,45.0,18.43
1331756765000,1331756765000,40.117519,-88.219464,12.07,195.1,179.0,10.0,0.288,1126.7,45.0,18.43
1331756766000,1331756766000,40.117410,-88.219461,11.76,194.9,179.0,10.0,0.266,1065.5,44.0,17.65
1331756767000,1331756767000,40.117306,-88.219456,11.07,194.7,178.0,10.0,0.265,1016.0,41.5,17.65
1331756768000,1331756768000,40.117209,-88.219452,10.45,194.5,178.0,10.0,0.259,985.1,39.5,17.65
1331756769000,1331756769000,40.117115,-88.219448,10.32,194.5,178.0,10.0,0.383,1115.1,38.5,18.04
1331756770000,1331756770000,40.117022,-88.219443,10.26,194.5,177.0,10.0,0.383,1115.1,38.5,18.04
1331756771000,1331756771000,40.116929,-88.219437,10.26,194.5,178.0,10.0,0.690,1413.9,37.5,20.39
1331756772000,1331756772000,40.116835,-88.219431,10.51,194.5,178.0,10.0,0.767,1515.9,38.0,21.57
1331756773000,1331756773000,40.116740,-88.219424,10.76,194.5,179.0,10.0,0.443,1226.5,39.5,19.22
1331756774000,1331756774000,40.116643,-88.219419,10.82,194.5,178.0,10.0,0.443,1226.5,39.5,19.22
1331756775000,1331756775000,40.116546,-88.219414,10.63,194.6,178.0,10.0,0.228,991.4,40.0,17.65
1331756776000,1331756776000,40.116450,-88.219410,10.57,194.6,179.0,10.0,0.238,978.1,39.5,17.65
1331756777000,1331756777000,40.116355,-88.219407,10.51,194.6,179.0,10.0,0.237,976.1,38.5,17.65
1331756778000,1331756778000,40.116261,-88.219406,10.45,194.5,179.0,10.0,0.237,977.2,38.0,17.65
1331756779000,1331756779000,40.116167,-88.219405,10.45,194.5,180.0,10.0,0.237,977.2,38.0,17.65
1331756780000,1331756780000,40.116072,-88.219406,10.45,194.6,180.0,10.0,0.236,990.1,38.0,17.65
1331756781000,1331756781000,40.115976,-88.219407,10.45,194.7,180.0,10.0,0.424,1206.5,38.0,19.02
1331756782000,1331756782000,40.115881,-88.219405,10.57,194.8,179.0,10.0,0.677,1439.4,38.0,20.78
1331756783000,1331756783000,40.115784,-88.219403,10.76,194.9,179.0,10.0,0.677,1439.4,38.0,20.78
1331756784000,1331756784000,40.115686,-88.219400,10.95,195.0,179.0,10.0,0.814,1517.5,39.0,21.76
1331756785000,1331756785000,40.115586,-88.219399,11.13,195.0,179.0,10.0,0.867,1563.5,41.0,22.35
1331756786000,1331756786000,40.115485,-88.219397,11.32,195.0,179.0,10.0,0.798,1522.5,42.0,21.76
1331756787000,1331756787000,40.115382,-88.219393,11.45,194.8,179.0,10.0,0.723,1473.4,43.0,21.18
1331756788000,1331756788000,40.115277,-88.219391,11.63,195.1,179.0,10.0,0.723,1473.4,43.0,21.18
1331756789000,1331756789000,40.115172,-88.219386,11.63,195.1,179.0,10.0,0.618,1404.6,43.5,20.98
1331756790000,1331756790000,40.115067,-88.219383,11.76,195.1,180.0,10.0,0.388,1187.7,43.0,19.22
1331756791000,1331756791000,40.114961,-88.219384,11.57,195.1,180.0,10.0,0.238,1015.5,42.0,17.65
1331756792000,1331756792000,40.114860,-88.219386,10.88,195.3,180.0,10.0,0.238,1015.5,42.0,17.65
1331756793000,1331756793000,40.114766,-88.219386,10.01,195.3,180.0,10.0,0.238,965.9,39.5,17.65
1331756794000,1331756794000,40.114681,-88.219387,8.88,195.5,180.0,10.0,0.239,889.7,34.5,17.65
1331756795000,1331756795000,40.114606,-88.219385,7.82,195.8,176.0,10.0,0.257,905.4,29.5,18.24
1331756796000,1331756796000,40.114543,-88.219372,6.63,196.0,161.0,10.0,0.269,942.0,26.0,18.24
1331756797000,1331756797000,40.114497,-88.219334,6.25,196.5,137.0,10.0,0.269,942.0,26.0,18.24
1331756798000,1331756798000,40.114466,-88.219276,5.88,196.5,119.0,10.0,0.261,922.5,23.0,17.65
1331756799000,1331756799000,40.114454,-88.219206,5.75,196.3,100.0,10.0,0.382,1073.4,22.0,18.24
1331756800000,1331756800000,40.114456,-88.219136,5.69,196.1,88.0,10.0,0.718,1408.9,23.0,20.59
1331756801000,1331756801000,40.114466,-88.219064,6.32,195.8,88.0,10.0,0.960,1592.0,25.0,22.35
1331756802000,1331756802000,40.114471,-88.218981,7.44,195.6,91.0,10.0,0.960,1592.0,25.0,22.35
1331756803000,1331756803000,40.114480,-88.218895,7.01,195.4,91.0,10.0,0.926,1576.9,28.0,22.35
1331756804000,1331756804000,40.114478,-88.218814,6.88,195.4,97.0,10.0,0.833,1559.7,30.0,21.96
1331756805000,1331756805000,40.114474,-88.218731,6.69,195.1,100.0,10.0,0.786,1559.7,31.0,21.37
1331756806000,1331756806000,40.114463,-88.218652,6.69,194.8,99.0,10.0,0.769,1573.4,33.0,21.37
1331756807000,1331756807000,40.114452,-88.218559,7.07,194.4,99.0,10.0,0.769,1573.4,33.0,21.37
1331756808000,1331756808000,40.114427,-88.218452,8.26,194.1,108.0,10.0,0.682,1528.0,35.5,20.98
1331756809000,1331756809000,40.114406,-88.218343,8.88,194.0,102.0,10.0,0.573,1458.1,37.5,20.20
1331756810000,1331756810000,40.114389,-88.218215,10.38,194.1,101.0,10.0,0.539,1442.5,38.5,20.00
1331756811000,1331756811000,40.114377,-88.218094,10.45,194.0,100.0,10.0,0.539,1442.5,38.5,20.00
1331756812000,1331756812000,40.114370,-88.217970,10.63,193.8,97.0,10.0,0.372,1344.0,39.0,18.82
1331756813000,1331756813000,40.114367,-88.217844,10.32,193.4,97.0,10.0,0.239,1238.5,38.5,17.65
1331756814000,1331756814000,40.114361,-88.217720,10.07,193.1,99.0,10.0,0.261,1219.7,37.5,17.65
1331756815000,1331756815000,40.114348,-88.217597,10.32,192.9,103.0,10.0,0.261,1205.7,37.5,17.65
1331756816000,1331756816000,40.114334,-88.217470,9.63,192.5,102.0,10.0,0.261,1205.7,37.5,17.65
1331756817000,1331756817000,40.114320,-88.217351,9.07,192.5,100.0,10.0,0.261,1203.4,37.5,17.65
1331756818000,1331756818000,40.114304,-88.217243,9.13,192.5,102.0,10.0,0.260,1204.9,37.0,17.65
1331756819000,1331756819000,40.114287,-88.217136,9.26,192.8,101.0,10.0,0.259,1204.5,38.0,17.65
1331756820000,1331756820000,40.114271,-88.217015,9.57,193.0,101.0,10.0,0.259,1204.5,38.0,17.65
1331756821000,1331756821000,40.114265,-88.216895,9.95,193.1,101.0,10.0,0.259,1204.9,38.0,17.65
1331756822000,1331756822000,40.114251,-88.216769,10.20,193.3,100.0,10.0,0.260,1208.9,37.0,17.65
1331756823000,1331756823000,40.114231,-88.216640,10.01,193.2,100.0,10.0,0.260,1203.9,37.5,17.65
1331756824000,1331756824000,40.114214,-88.216515,10.01,192.8,101.0,10.0,0.260,1171.0,37.0,17.65
1331756825000,1331756825000,40.114195,-88.216395,9.38,192.0,99.0,10.0,0.260,1171.0,37.0,17.65
1331756826000,1331756826000,40.114177,-88.216279,9.57,191.8,103.0,10.0,0.260,1099.1,34.5,17.65
1331756827000,1331756827000,40.114159,-88.216166,9.38,191.8,101.0,10.0,0.260,1010.9,31.5,17.65
1331756828000,1331756828000,40.114142,-88.216069,7.82,191.7,100.0,10.0,0.248,916.7,27.5,17.65
1331756829000,1331756829000,40.114129,-88.215987,6.69,191.4,96.0,10.0,0.248,916.7,27.5,17.65
1331756830000,1331756830000,40.114120,-88.215918,5.63,191.2,95.0,10.0,0.237,928.9,21.0,17.65
1331756831000,1331756831000,40.114109,-88.215878,3.88,190.9,101.0,10.0,0.234,920.6,13.5,17.45
1331756832000,1331756832000,40.114108,-88.215854,2.94,190.5,96.0,10.0,0.458,1176.0,9.5,19.02
1331756833000,1331756833000,40.114108,-88.215837,2.56,190.4,96.0,10.0,0.873,1696.4,12.0,21.96
1331756834000,1331756834000,40.114094,-88.215803,3.25,190.1,109.0,10.0,0.873,1696.4,12.0,21.96
1331756835000,1331756835000,40.114091,-88.215765,3.69,189.7,86.0,10.0,1.079,1788.2,18.0,22.75
1331756836000,1331756836000,40.114091,-88.215705,5.07,189.6,93.0,10.0,0.957,1666.4,22.0,22.16
1331756837000,1331756837000,40.114089,-88.215630,6.00,189.6,93.0,10.0,0.733,1640.6,26.0,21.18
1331756838000,1331756838000,40.114079,-88.215543,7.44,189.3,94.0,10.0,0.733,1640.6,26.0,21.18
1331756839000,1331756839000,40.114073,-88.215443,7.63,189.0,88.0,10.0,0.629,1525.4,29.5,20.39
1331756840000,1331756840000,40.114069,-88.215352,7.38,189.0,90.0,10.0,0.605,1419.5,30.5,20.39
1331756841000,1331756841000,40.114063,-88.215255,7.57,189.3,90.0,10.0,0.581,1410.5,33.0,20.39
1331756842000,1331756842000,40.114057,-88.215154,8.38,189.6,92.0,10.0,0.478,1337.4,34.5,19.61
1331756843000,1331756843000,40.114049,-88.215047,8.63,189.6,93.0,10.0,0.478,1337.4,34.5,19.61
1331756844000,1331756844000,40.114035,-88.214937,9.19,189.5,95.0,10.0,0.400,1292.9,35.0,18.82
1331756845000,1331756845000,40.114005,-88.214821,9.57,188.9,101.0,10.0,0.417,1323.4,36.0,18.82
1331756846000,1331756846000,40.113974,-88.214704,10.20,188.8,102.0,10.0,0.429,1348.7,36.5,18.82
1331756847000,1331756847000,40.113953,-88.214589,9.88,188.5,100.0,10.0,0.429,1348.7,36.5,18.82
1331756848000,1331756848000,40.113935,-88.214464,10.51,188.9,98.0,10.0,0.428,1358.9,37.0,18.82
1331756849000,1331756849000,40.113914,-88.214346,9.70,188.7,102.0,10.0,0.410,1350.6,37.0,18.82
1331756850000,1331756850000,40.113886,-88.214235,9.51,188.6,108.0,10.0,0.423,1360.4,37.5,18.82
1331756851000,1331756851000,40.113849,-88.214130,9.38,187.9,107.0,10.0,0.423,1360.4,37.5,18.82
1331756852000,1331756852000,40.113818,-88.214019,9.51,187.0,108.0,10.0,0.483,1397.5,37.5,19.22
