1331769610029,-0.04718,0.05794,0.23544
1331769610064,-0.07439,0.09121,0.37229
1331769610181,-0.05540,0.06210,0.27211
1331769610182,-0.05875,0.07130,0.29556
1331769610182,-0.05772,0.06851,0.28044
1331769610267,-0.06671,0.07721,0.31191
1331769610268,-0.06490,0.07444,0.31339
1331769610273,-0.05606,0.06511,0.27955
1331769610310,-0.06142,0.07270,0.30871
1331769610345,-0.06587,0.08526,0.34394
1331769610389,-0.06950,0.08639,0.35722
1331769610416,-0.08822,0.10432,0.43402
1331769610450,-0.06459,0.07355,0.32440
1331769610552,-0.04625,0.05449,0.22924
1331769610555,-0.06945,0.08445,0.34128
1331769610622,-0.06740,0.08069,0.33652
1331769610623,-0.06248,0.07406,0.31520
1331769610624,-0.06080,0.07087,0.32402
1331769610661,-0.05207,0.06146,0.24983
1331769610695,-0.05145,0.06319,0.25541
1331769610731,-0.06386,0.07615,0.32765
1331769610766,-0.06367,0.07428,0.31367
1331769610801,-0.06551,0.07368,0.31970
1331769610836,-0.06427,0.07942,0.33372
1331769610871,-0.05019,0.05827,0.25703
1331769610905,-0.07944,0.09094,0.38252
1331769610942,-0.06276,0.07218,0.30068
1331769610976,-0.07537,0.08938,0.37261
1331769611012,-0.07597,0.08833,0.37666
1331769611047,-0.05932,0.07377,0.30620
1331769611082,-0.07975,0.09532,0.39951
1331769611116,-0.06768,0.08172,0.34540
1331769611151,-0.07717,0.09148,0.37307
1331769611187,-0.07037,0.08638,0.35696
1331769611222,-0.05533,0.06921,0.27856
1331769611257,-0.06850,0.08167,0.34269
1331769611292,-0.06919,0.08099,0.33554
1331769611327,-0.06644,0.07866,0.32702
1331769611362,-0.05019,0.05989,0.25210
1331769611544,-0.07466,0.08630,0.35798
1331769611544,-0.06351,0.07576,0.31290
1331769611624,-0.05121,0.06315,0.26470
1331769611626,-0.06052,0.07477,0.30626
1331769611628,-0.06523,0.07638,0.32072
1331769611730,-0.06459,0.07513,0.31866
1331769611730,-0.06831,0.08482,0.33550
1331769611731,-0.06150,0.07311,0.30688
1331769611732,-0.07526,0.08975,0.37239
1331769611733,-0.05904,0.06867,0.29137
1331769611791,-0.06752,0.07891,0.33579
1331769611792,-0.05874,0.07004,0.30920
1331769611816,-0.07548,0.08847,0.37136
1331769611853,-0.06915,0.08023,0.34049
1331769611888,-0.06454,0.07760,0.32937
1331769611922,-0.07660,0.09572,0.39785
1331769611957,-0.07196,0.08308,0.35241
1331769611992,-0.06781,0.07376,0.32092
1331769612027,-0.05896,0.07274,0.29370
1331769612063,-0.06719,0.08010,0.33115
1331769612098,-0.07815,0.08705,0.37772
1331769612133,-0.07936,0.08714,0.39250
1331769612168,-0.05009,0.05907,0.24973
1331769612204,-0.08320,0.10052,0.41068
1331769612239,-0.06073,0.07287,0.29319
1331769612279,-0.08898,0.10251,0.43114
1331769612309,-0.07423,0.08732,0.36208
1331769612344,-0.06833,0.08176,0.34401
1331769612378,-0.07275,0.08194,0.36397
1331769612414,-0.07880,0.09767,0.39151
1331769612448,-0.05896,0.06812,0.28854
1331769612674,-0.05827,0.07228,0.29735
1331769612676,-0.06239,0.07977,0.32934
1331769612678,-0.06441,0.07419,0.32000
1331769612755,-0.07037,0.08355,0.33524
1331769612756,-0.06543,0.07827,0.32867
1331769612756,-0.07219,0.08166,0.35384
1331769612762,-0.05515,0.06666,0.27688
1331769612763,-0.06512,0.07180,0.31604
1331769612832,-0.05540,0.06635,0.28569
1331769612833,-0.05119,0.06196,0.25335
1331769612834,-0.05955,0.06937,0.29869
1331769612869,-0.07829,0.09257,0.38343
1331769612904,-0.06283,0.07061,0.30424
1331769612942,-0.06434,0.07516,0.32158
1331769612975,-0.07255,0.08327,0.35317
1331769613010,-0.05712,0.06559,0.28636
1331769613045,-0.05834,0.06968,0.28639
1331769613079,-0.05520,0.06627,0.27099
1331769613114,-0.06504,0.07545,0.33346
1331769613150,-0.04884,0.05955,0.23895
1331769613184,-0.06601,0.07787,0.30955
1331769613220,-0.04926,0.05985,0.24849
1331769613255,-0.04944,0.05860,0.23629
1331769613292,-0.07226,0.08766,0.34623
1331769613325,-0.06607,0.08353,0.31374
1331769613361,-0.06945,0.08584,0.32046
1331769613395,-0.05902,0.07529,0.27508
1331769613430,-0.06737,0.09018,0.31974
1331769613465,-0.06337,0.07813,0.29532
1331769613593,-0.07596,0.09743,0.34496
1331769613595,-0.06773,0.08561,0.31511
1331769613597,-0.07910,0.09585,0.36971
1331769613692,-0.08104,0.10569,0.39697
1331769613693,-0.04891,0.06134,0.23030
1331769613694,-0.06737,0.08121,0.31136
1331769613711,-0.05807,0.07411,0.27785
1331769613848,-0.07235,0.08873,0.34617
1331769613912,-0.08104,0.09500,0.36966
1331769613914,-0.06458,0.08457,0.30950
1331769613993,-0.07122,0.09115,0.34310
1331769614069,-0.06405,0.08319,0.31753
1331769614074,-0.07254,0.09475,0.36285
1331769614075,-0.08936,0.11610,0.42748
1331769614080,-0.05949,0.07474,0.27506
1331769614081,-0.06128,0.07732,0.28961
1331769614081,-0.07418,0.09582,0.36754
1331769614143,-0.07330,0.09649,0.35851
1331769614144,-0.05565,0.06874,0.25936
1331769614180,-0.05635,0.07114,0.25252
1331769614201,-0.06297,0.08577,0.30080
1331769614237,-0.07307,0.10114,0.34887
1331769614272,-0.07977,0.10786,0.35850
1331769614307,-0.09372,0.12625,0.41632
1331769614342,-0.08680,0.12415,0.38368
1331769614377,-0.09472,0.13651,0.41260
1331769614412,-0.07340,0.10586,0.31781
1331769614448,-0.06823,0.10245,0.29113
1331769614482,-0.06774,0.10426,0.29704
1331769614592,-0.05973,0.09650,0.26266
1331769614594,-0.07210,0.12669,0.32790
1331769614644,-0.12494,0.18697,0.48669
1331769614645,-0.08440,0.14056,0.34742
1331769614655,-0.08965,0.15101,0.37864
1331769614692,-0.09854,0.16935,0.43071
1331769614728,-0.08967,0.15901,0.39873
1331769614762,-0.09890,0.16305,0.40866
1331769614797,-0.05625,0.09754,0.24422
1331769614832,-0.09351,0.14700,0.38322
1331769614868,-0.06835,0.11544,0.29986
1331769614902,-0.11421,0.18960,0.48577
1331769614937,-0.07598,0.12469,0.32974
1331769614972,-0.12462,0.20268,0.52640
1331769615009,-0.12845,0.19574,0.53553
1331769615043,-0.07359,0.11847,0.31110
1331769615078,-0.10090,0.15230,0.41185
1331769615116,-0.05644,0.08961,0.24081
1331769615148,-0.05723,0.10072,0.27218
1331769615256,-0.09294,0.16624,0.45837
1331769615257,-0.05494,0.09526,0.26872
1331769615263,-0.08652,0.14468,0.41735
1331769615347,-0.08322,0.12927,0.38204
1331769615348,-0.07760,0.13249,0.38613
1331769615356,-0.10760,0.18712,0.53046
1331769615395,-0.08410,0.14190,0.41012
1331769615429,-0.07600,0.12825,0.37272
1331769615464,-0.06960,0.10283,0.30717
1331769615596,-0.07922,0.11952,0.36056
1331769615598,-0.06466,0.09861,0.29477
1331769615601,-0.08276,0.13220,0.38104
1331769615676,-0.09344,0.13081,0.39712
1331769615677,-0.10559,0.15577,0.47764
1331769615677,-0.09575,0.14183,0.43118
1331769615708,-0.11712,0.15829,0.48888
1331769615745,-0.08130,0.11950,0.36918
1331769615779,-0.09407,0.14167,0.44744
1331769615814,-0.06629,0.09765,0.30871
1331769615850,-0.07206,0.10636,0.32959
1331769615884,-0.07131,0.10081,0.31218
1331769615919,-0.04318,0.06377,0.20346
1331769615954,-0.09197,0.13630,0.43129
1331769615990,-0.09208,0.12884,0.41402
1331769616024,-0.09864,0.13285,0.43694
1331769616059,-0.09383,0.11617,0.38814
1331769616095,-0.09587,0.11939,0.38802
1331769616130,-0.09711,0.12198,0.40854
1331769616164,-0.12490,0.15734,0.53030
1331769616199,-0.17153,0.20752,0.73892
1331769616235,-0.17681,0.18754,0.66592
1331769616270,-0.09646,0.10374,0.35854
1331769616306,-0.03396,0.03826,0.12552
1331769616340,-0.00308,0.00369,0.01145
1331769616386,-0.04759,0.06435,0.20179
1331769616410,0.00969,-0.01367,-0.04197
1331769616520,-0.05852,0.08476,0.25689
1331769616521,-0.01609,0.02227,0.06808
1331769616743,-0.04780,0.06136,0.19808
1331769616757,-0.09495,0.12755,0.38667
1331769616760,-0.05555,0.07753,0.23179
1331769616762,-0.06680,0.09087,0.27562
1331769616776,-0.09447,0.13360,0.39520
1331769616777,-0.12920,0.18892,0.55377
1331769616778,-0.11040,0.15776,0.49203
1331769616845,-0.13098,0.19027,0.56782
1331769616846,-0.07048,0.09717,0.29706
1331769616846,-0.07391,0.10977,0.32168
1331769616864,-0.14699,0.18324,0.56363
1331769616902,-0.09799,0.12126,0.37805
1331769616937,-0.13554,0.18123,0.53222
1331769616971,-0.15026,0.17398,0.55488
1331769617006,-0.09031,0.11877,0.34992
1331769617041,-0.02575,0.03502,0.10098
1331769617076,-0.03045,0.04256,0.12421
1331769617111,-0.04017,0.06468,0.18136
1331769617147,-0.03754,0.05722,0.16185
1331769617181,-0.04313,0.06209,0.17392
1331769617217,-0.03955,0.06255,0.18159
1331769617251,-0.10256,0.15115,0.46000
1331769617293,-0.22645,0.29053,0.92572
1331769617322,-0.20852,0.26462,0.84157
1331769617357,-0.23432,0.27590,0.84932
1331769617515,-0.16454,0.20151,0.62807
1331769617519,-0.08402,0.10462,0.31569
1331769617524,-0.00879,0.01276,0.03716
1331769617641,-0.07990,0.12643,0.36860
1331769617642,-0.07069,0.10527,0.30169
1331769617647,-0.05813,0.08189,0.25560
1331769617648,-0.02879,0.03970,0.11487
1331769617649,-0.00518,0.00737,0.02199
1331769617764,-0.03469,0.05296,0.15392
1331769617765,-0.05230,0.07898,0.22619
1331769617765,-0.04784,0.07814,0.21246
1331769617777,-0.06520,0.10058,0.27816
1331769617810,-0.04604,0.06422,0.18951
1331769617897,-0.09541,0.12230,0.36439
1331769617897,-0.06351,0.08043,0.22854
1331769617999,-0.06348,0.08620,0.26029
1331769618000,-0.03475,0.05057,0.14300
1331769618001,-0.06445,0.09295,0.26688
1331769618021,-0.04049,0.05687,0.16597
1331769618059,-0.05280,0.07162,0.20588
1331769618093,-0.11641,0.15724,0.47945
1331769618129,-0.13921,0.18886,0.56607
1331769618163,-0.16029,0.21719,0.67571
1331769618198,-0.12029,0.16388,0.49893
1331769618234,-0.10006,0.13105,0.39330
1331769618269,-0.12938,0.15934,0.51366
1331769618303,-0.12984,0.16575,0.50941
1331769618339,-0.09855,0.13544,0.42031
1331769618374,-0.09365,0.13227,0.40230
1331769618508,-0.04866,0.06893,0.20680
1331769618513,0.01950,-0.02647,-0.08122
1331769618515,0.00810,-0.01101,-0.03305
1331769618637,0.03794,-0.05308,-0.15553
1331769618638,-0.03383,0.04308,0.14446
1331769618638,-0.05975,0.07456,0.23710
1331769618639,-0.11461,0.13939,0.46894
1331769618652,-0.08460,0.10714,0.35612
1331769618688,-0.11068,0.13347,0.44156
1331769618722,-0.05776,0.07233,0.24909
1331769618757,-0.00848,0.01087,0.03555
1331769618792,-0.02826,0.03446,0.11269
1331769618912,-0.01784,0.02555,0.07614
1331769618922,0.07221,-0.09388,-0.27404
1331769618922,-0.01393,0.01619,0.04941
1331769618990,0.02936,-0.04360,-0.13009
1331769618991,-0.07529,0.09269,0.29781
1331769619003,-0.13811,0.19264,0.55635
1331769619221,-0.14079,0.20729,0.62786
1331769619222,-0.13512,0.18354,0.53854
1331769619233,-0.00888,0.01130,0.03439
1331769619235,-0.04969,0.06783,0.20455
1331769619259,-0.04014,0.05407,0.17583
1331769619261,-0.16745,0.23189,0.69820
1331769619358,-0.14479,0.20679,0.67551
1331769619359,-0.06524,0.08893,0.27443
1331769619360,-0.10759,0.14718,0.45835
1331769619361,-0.04765,0.06317,0.20184
1331769619389,0.06150,-0.08176,-0.23935
1331769619506,0.10202,-0.13781,-0.39763
1331769619508,0.16470,-0.23603,-0.60903
1331769619581,0.04977,-0.05992,-0.17297
1331769619582,-0.00086,0.00128,0.00384
1331769619583,-0.10277,0.16322,0.45325
1331769619599,-0.12103,0.16876,0.48742
1331769619636,-0.11790,0.18393,0.47746
1331769619671,-0.10945,0.14491,0.42818
1331769619706,-0.15324,0.22982,0.61834
1331769619741,-0.12770,0.19454,0.53434
1331769619776,-0.17363,0.23241,0.65997
1331769619812,-0.16991,0.25580,0.69844
1331769619846,-0.10826,0.16116,0.45671
1331769619885,-0.07600,0.10936,0.29850
1331769619917,-0.07078,0.12546,0.33726
1331769619952,0.01124,-0.01766,-0.04696
1331769619986,-0.00803,0.01144,0.03079
1331769620021,-0.04674,0.06867,0.18730
1331769620056,-0.06369,0.09232,0.23666
1331769620092,-0.02620,0.03971,0.10954
1331769620127,0.01206,-0.01793,-0.04759
1331769620162,-0.06047,0.09114,0.24062
1331769620354,-0.16084,0.18090,0.56467
1331769620355,-0.12954,0.18651,0.56225
1331769620361,-0.12874,0.17914,0.48133
1331769620362,-0.07965,0.11907,0.31851
1331769620368,-0.13346,0.22422,0.64921
1331769620454,-0.13474,0.19748,0.58928
1331769620455,-0.27711,0.42690,1.26826
1331769620548,-0.21943,0.30170,0.94586
1331769620562,-0.22959,0.30937,0.89919
1331769620564,-0.10496,0.12417,0.37736
1331769620567,-0.03456,0.04730,0.12535
1331769620708,0.06590,-0.07750,-0.21636
1331769620708,0.06770,-0.09192,-0.25328
1331769620709,-0.18391,0.28746,0.78861
1331769620710,-0.25978,0.34925,1.11028
1331769620722,-0.13315,0.21576,0.54824
1331769620758,-0.41623,0.45471,1.51575
1331769620792,0.01836,-0.02186,-0.06282
1331769620828,-0.32267,0.44388,1.23518
1331769620863,-0.17791,0.27691,0.80344
1331769620898,-0.00095,0.00147,0.00390
1331769620933,-0.16574,0.24633,0.75061
1331769620968,0.18640,-0.23213,-0.58846
1331769621004,-0.08526,0.13491,0.39478
1331769621038,0.04801,-0.07493,-0.19683
1331769621073,-0.15762,0.25039,0.66658
1331769621108,-0.16339,0.25123,0.74667
1331769621144,-0.16438,0.21648,0.62805
1331769621178,-0.38324,0.40052,1.27498
1331769621214,0.00195,-0.00225,-0.00703
1331769621267,-0.30459,0.35248,1.10824
1331769621284,-0.20156,0.21210,0.66222
1331769621326,0.08030,-0.10110,-0.29862
1331769621355,-0.12793,0.16228,0.46342
1331769621390,0.03291,-0.03967,-0.12129
1331769621424,0.01032,-0.01810,-0.04781
1331769621665,-0.02767,0.03828,0.11477
1331769621668,-0.02436,0.03573,0.09856
1331769621683,0.00767,-0.01256,-0.03394
1331769621684,-0.04377,0.05508,0.16748
1331769621742,-0.08579,0.12378,0.34538
1331769621742,-0.11184,0.16925,0.50060
1331769621748,-0.14873,0.18959,0.56126
1331769621749,-0.12621,0.18819,0.54112
1331769621750,-0.09620,0.12882,0.37682
1331769621810,-0.11746,0.17106,0.48182
1331769621810,0.02083,-0.02795,-0.07870
1331769621843,-0.00754,0.01048,0.03169
1331769621880,-0.04081,0.06799,0.19433
1331769621915,-0.09046,0.12875,0.37982
1331769621950,-0.10911,0.16230,0.46067
1331769621985,-0.12232,0.18446,0.55136
1331769622026,-0.12329,0.17388,0.50219
1331769622053,-0.14959,0.23588,0.68534
1331769622100,-0.06977,0.09074,0.26236
1331769622126,-0.07573,0.09027,0.26999
1331769622160,-0.01540,0.02313,0.06548
1331769622195,-0.00096,0.00120,0.00356
1331769622231,-0.00124,0.00179,0.00513
1331769622266,-0.09162,0.12572,0.38933
1331769622309,-0.07975,0.11754,0.34813
1331769622336,-0.04847,0.06573,0.19245
1331769622381,0.01242,-0.01673,-0.04746
1331769622405,-0.13570,0.23116,0.66187
1331769622441,-0.01320,0.01869,0.05558
1331769622558,-0.05473,0.07379,0.22135
1331769622561,-0.04366,0.06042,0.17986
1331769622563,-0.09670,0.13175,0.39167
1331769622633,0.00502,-0.00641,-0.01869
1331769622634,-0.08252,0.11672,0.33795
1331769622649,-0.12583,0.15910,0.46790
1331769622687,-0.06550,0.08737,0.26055
1331769622721,-0.08245,0.12525,0.36520
1331769622756,-0.11719,0.15835,0.49402
1331769622791,-0.06193,0.08003,0.24031
1331769622975,-0.00640,0.00775,0.02406
1331769622975,-0.00409,0.00541,0.01659
1331769622976,-0.05575,0.08583,0.25052
1331769622982,0.01042,-0.01500,-0.04563
1331769622984,-0.05006,0.06551,0.20653
1331769623045,-0.06906,0.10256,0.31086
1331769623045,-0.04407,0.05705,0.18021
1331769623071,-0.12025,0.15404,0.48907
1331769623106,0.01210,-0.01494,-0.04710
1331769623142,-0.05463,0.06933,0.22502
1331769623177,-0.01062,0.01456,0.04793
1331769623212,-0.00386,0.00512,0.01562
1331769623247,-0.08337,0.10322,0.34443
1331769623283,0.03408,-0.04465,-0.14254
1331769623317,-0.06341,0.08867,0.28219
1331769623353,0.01474,-0.01944,-0.06647
1331769623387,-0.03192,0.04103,0.14696
1331769623422,-0.00792,0.01069,0.03694
1331769623459,-0.06542,0.09528,0.36745
1331769623576,-0.02956,0.04294,0.14772
1331769623578,-0.09798,0.12045,0.42845
1331769623581,-0.15098,0.21316,0.67581
1331769623663,-0.01293,0.01680,0.05500
1331769623664,-0.04907,0.06906,0.22007
1331769623666,-0.05793,0.08211,0.25447
1331769623701,-0.04760,0.07029,0.23657
1331769623738,0.03756,-0.05618,-0.18009
1331769623773,-0.13631,0.17625,0.62351
1331769623808,0.01432,-0.02000,-0.06832
1331769623843,-0.04731,0.07170,0.24037
1331769623878,-0.11570,0.15781,0.51742
1331769623974,-0.03719,0.05421,0.18447
1331769623975,-0.08830,0.11850,0.40174
1331769624038,-0.08036,0.09791,0.33592
1331769624039,-0.03526,0.04603,0.16271
1331769624110,0.00092,-0.00130,-0.00453
1331769624111,-0.03415,0.04416,0.15847
1331769624175,-0.00222,0.00340,0.01180
1331769624176,-0.13195,0.18520,0.66589
1331769624191,-0.01658,0.01845,0.06826
1331769624229,-0.07601,0.10523,0.35642
1331769624264,-0.12658,0.16111,0.61359
1331769624299,-0.06309,0.08579,0.28540
1331769624334,-0.09315,0.13777,0.47773
1331769624369,-0.02270,0.03222,0.11203
1331769624404,-0.06971,0.10482,0.34270
1331769624439,-0.04116,0.05584,0.20391
1331769624474,-0.00554,0.00669,0.02297
1331769624613,-0.06784,0.10239,0.33791
1331769624615,-0.08763,0.10636,0.40230
1331769624617,-0.09318,0.15086,0.51153
1331769624686,-0.07389,0.10203,0.37627
1331769624687,-0.07629,0.09945,0.34353
1331769624688,-0.05084,0.06649,0.22916
1331769624719,-0.08645,0.11497,0.40866
1331769624755,-0.10309,0.14401,0.51377
1331769624789,-0.04429,0.06782,0.23382
1331769624825,-0.08839,0.13042,0.43157
1331769624859,-0.10301,0.15097,0.50514
1331769624894,-0.00976,0.01226,0.04553
1331769624929,-0.03036,0.04523,0.15533
1331769624964,-0.07327,0.10134,0.35660
1331769625000,-0.10644,0.15552,0.51863
1331769625035,-0.06482,0.10117,0.35146
1331769625070,-0.06481,0.08461,0.29795
1331769625106,-0.04989,0.06363,0.22666
1331769625140,-0.05996,0.07983,0.28852
1331769625175,-0.02662,0.03953,0.13621
1331769625352,-0.06966,0.10197,0.36645
1331769625353,-0.04381,0.05637,0.20101
1331769625360,-0.05418,0.06654,0.23529
1331769625361,-0.11389,0.15082,0.54325
1331769625367,-0.09149,0.11258,0.40047
1331769625511,-0.07091,0.09396,0.33396
1331769625513,-0.04480,0.05455,0.20550
1331769625531,-0.05059,0.05843,0.20553
1331769625533,-0.09530,0.13206,0.47536
1331769625608,-0.03796,0.04211,0.17212
1331769625609,-0.01666,0.02223,0.08459
1331769625610,-0.08935,0.11691,0.42685
1331769625630,-0.04839,0.05753,0.21213
1331769625667,-0.03749,0.04648,0.17515
1331769625701,-0.03403,0.03920,0.15534
1331769625736,-0.01812,0.02032,0.07786
1331769625772,0.00326,-0.00444,-0.01658
1331769625807,-0.04725,0.05853,0.22846
1331769625842,-0.04834,0.06618,0.25163
1331769625876,-0.12232,0.14011,0.54528
1331769625911,-0.05651,0.06831,0.26594
1331769625947,-0.07341,0.08237,0.33445
1331769625982,-0.01197,0.01456,0.05495
1331769626017,-0.06733,0.08588,0.33991
1331769626053,0.00066,-0.00079,-0.00303
1331769626169,0.00075,-0.00084,-0.00337
1331769626169,-0.05014,0.06103,0.23654
1331769626254,-0.07995,0.09788,0.36513
1331769626255,-0.09197,0.10592,0.41017
1331769626256,-0.04326,0.04960,0.20084
1331769626263,-0.11390,0.15330,0.57641
1331769626297,-0.05107,0.05964,0.23304
1331769626332,-0.06433,0.07533,0.30190
1331769626368,-0.05966,0.07250,0.27844
1331769626411,-0.09100,0.11090,0.43496
1331769626589,-0.07486,0.09371,0.35222
1331769626591,-0.08197,0.10170,0.38394
1331769626687,-0.02537,0.02800,0.11704
1331769626688,-0.04781,0.06305,0.23592
1331769626689,-0.05188,0.05731,0.23016
1331769626697,-0.04172,0.04900,0.19395
1331769626698,-0.07158,0.08905,0.33531
1331769626706,-0.09951,0.11595,0.44811
1331769626794,0.01867,-0.02071,-0.08317
1331769626796,-0.03959,0.04574,0.17381
1331769626797,-0.09580,0.10908,0.40581
1331769626824,-0.08180,0.09702,0.36292
1331769626859,-0.02780,0.03486,0.13399
1331769626893,-0.09793,0.11194,0.42201
1331769626929,-0.11415,0.12977,0.50679
1331769626964,-0.08994,0.10554,0.40733
1331769626998,-0.08903,0.09748,0.37558
1331769627034,-0.04345,0.05328,0.20708
1331769627069,-0.08472,0.09781,0.36928
1331769627105,-0.08833,0.09903,0.37613
1331769627139,-0.10169,0.12442,0.47453
1331769627176,-0.00053,0.00059,0.00231
1331769627209,-0.11105,0.12405,0.49722
1331769627244,-0.02585,0.02926,0.11541
1331769627279,-0.01546,0.02029,0.07433
1331769627315,-0.08339,0.10074,0.38827
1331769627349,-0.08174,0.09746,0.37528
1331769627386,-0.04822,0.05823,0.22515
1331769627507,-0.11899,0.13772,0.52652
1331769627522,-0.06470,0.08334,0.31576
1331769627524,-0.09954,0.12220,0.45915
1331769627597,-0.10551,0.10551,0.43374
1331769627598,0.00745,-0.00768,-0.02990
1331769627607,-0.17163,0.18157,0.71084
1331769627630,-0.02476,0.02563,0.10607
1331769627666,-0.15693,0.18137,0.65173
1331769627700,0.06096,-0.07105,-0.27325
1331769627735,-0.13454,0.15729,0.61790
1331769627769,-0.01177,0.01339,0.05218
1331769627955,-0.08218,0.08757,0.36660
1331769627956,-0.02646,0.03127,0.12552
1331769627957,-0.02014,0.02417,0.08452
1331769627962,-0.04771,0.05251,0.20928
1331769627963,-0.06825,0.07711,0.30168
1331769628021,-0.14251,0.18639,0.69889
1331769628022,-0.11775,0.13664,0.57148
1331769628051,-0.14253,0.17098,0.67699
1331769628087,-0.05151,0.05657,0.22544
1331769628121,0.00365,-0.00420,-0.01605
1331769628155,-0.04243,0.05299,0.20448
1331769628190,-0.02188,0.02451,0.09684
1331769628244,-0.15141,0.17458,0.67175
1331769628261,-0.10947,0.13123,0.50465
1331769628301,-0.06615,0.07808,0.30595
1331769628333,-0.04595,0.05356,0.20795
1331769628366,-0.09624,0.11014,0.44022
1331769628401,-0.06400,0.06512,0.26221
1331769628538,-0.05912,0.07969,0.28961
1331769628540,-0.00846,0.00852,0.03294
1331769628543,-0.13603,0.14263,0.56560
1331769628599,-0.08949,0.09773,0.40094
1331769628600,-0.04897,0.05764,0.22040
1331769628610,-0.09832,0.11012,0.42149
1331769628646,0.00826,-0.01002,-0.03947
1331769628681,-0.06315,0.06976,0.27322
1331769628716,-0.07274,0.08620,0.32400
1331769628752,-0.04943,0.06100,0.22686
1331769628787,-0.02782,0.03222,0.12054
1331769628828,-0.11319,0.15136,0.57392
1331769628857,-0.06022,0.06770,0.26793
1331769628893,-0.03859,0.04380,0.17052
1331769628927,-0.07151,0.08894,0.33900
1331769629121,-0.05075,0.05306,0.20876
1331769629126,0.01692,-0.01967,-0.07549
1331769629128,-0.07923,0.09660,0.36953
1331769629223,-0.04779,0.05297,0.21056
1331769629224,-0.09373,0.10608,0.39646
1331769629229,0.01036,-0.01498,-0.05437
1331769629230,-0.11511,0.13045,0.52275
1331769629230,-0.08136,0.09474,0.35677
1331769629290,-0.07485,0.08887,0.34694
1331769629291,-0.02289,0.02762,0.10030
1331769629311,-0.10973,0.12798,0.49887
1331769629347,-0.04056,0.04936,0.17925
1331769629383,-0.02124,0.02476,0.09456
1331769629417,-0.05871,0.06929,0.27313
1331769629550,-0.06960,0.08218,0.31913
1331769629553,-0.06201,0.07284,0.28465
1331769629555,-0.07012,0.08738,0.34018
1331769629623,-0.02100,0.02386,0.09411
1331769629624,-0.05582,0.06259,0.24198
1331769629626,-0.04318,0.04904,0.19183
1331769629663,-0.06926,0.08168,0.31328
1331769629698,-0.01943,0.02349,0.08996
1331769629733,-0.05523,0.06452,0.25333
1331769629768,-0.05716,0.06930,0.25845
1331769629804,-0.03644,0.03830,0.16008
1331769629838,-0.07238,0.10146,0.36640
1331769629873,-0.08936,0.10261,0.41917
1331769629908,-0.10088,0.11810,0.43172
1331769629944,-0.03453,0.03770,0.15566
1331769629978,-0.03415,0.04267,0.16854
1331769630013,-0.03962,0.04649,0.18467
1331769630049,0.00234,-0.00306,-0.01226
1331769630085,-0.09570,0.12121,0.44463
1331769630120,-0.03443,0.04265,0.17267
1331769630154,-0.10095,0.12886,0.48962
1331769630189,-0.07940,0.09339,0.35991
1331769630224,-0.05587,0.05960,0.25145
1331769630259,-0.08645,0.09935,0.37553
1331769630368,0.06283,-0.06451,-0.25362
1331769630369,-0.04574,0.06152,0.22227
1331769630375,-0.00108,0.00131,0.00517
1331769630451,-0.12886,0.13023,0.53513
1331769630452,-0.03858,0.04556,0.18022
1331769630544,-0.00109,0.00122,0.00492
1331769630545,-0.09291,0.11516,0.44778
1331769630607,-0.09406,0.12543,0.48660
1331769630607,-0.09920,0.11813,0.51484
1331769630608,-0.04127,0.05260,0.20833
1331769630644,-0.00713,0.00814,0.03327
1331769630679,-0.07131,0.08756,0.35727
1331769630714,-0.01349,0.01581,0.06477
1331769630749,-0.11259,0.12026,0.49769
1331769630784,-0.06528,0.07603,0.31076
1331769630820,-0.14128,0.16400,0.67597
1331769630855,-0.07343,0.08813,0.36554
1331769630891,-0.02265,0.02602,0.10980
1331769630925,0.02763,-0.03194,-0.13276
1331769630961,0.04806,-0.05176,-0.21892
1331769630996,-0.07254,0.10013,0.38030
1331769631030,-0.12587,0.13543,0.60162
1331769631065,-0.08445,0.09645,0.40988
1331769631163,-0.11495,0.13843,0.59436
1331769631164,-0.01118,0.01201,0.05070
1331769631169,-0.04984,0.05289,0.22313
1331769631204,0.07926,-0.08515,-0.33130
1331769631241,-0.13822,0.12947,0.60709
1331769631276,-0.11445,0.12292,0.55363
1331769631310,-0.13966,0.17267,0.73618
1331769631346,-0.13200,0.15667,0.66251
1331769631382,-0.10627,0.16751,0.65970
1331769631417,0.15771,-0.17894,-0.71738
1331769631451,0.22152,-0.26592,-1.29243
1331769631662,-0.48525,0.41813,2.54013
1331769631675,-0.53955,0.65930,2.46530
1331769631677,-0.11159,0.12569,0.63725
1331769631743,-0.56054,0.51943,2.27495
1331769631744,-0.15847,0.13757,0.69773
1331769631749,-0.16515,0.16591,0.75823
1331769631750,0.60044,-0.59984,-2.47846
1331769631750,-0.03290,0.10533,0.33241
1331769631812,-0.28548,0.34832,1.82908
1331769631813,-0.10491,0.10262,0.35283
1331769631836,-0.07635,0.12240,0.56522
1331769631872,0.11827,-0.12028,-0.47537
1331769631906,-0.07803,0.08612,0.32970
1331769631944,0.07985,-0.07180,-0.35236
1331769632053,0.18625,-0.24024,-0.84309
1331769632054,0.03043,-0.04057,-0.16639
1331769632227,0.13574,-0.21243,-0.82663
1331769632229,0.06236,-0.08523,-0.34076
1331769632232,-0.02900,0.03961,0.16291
1331769632234,0.02129,-0.03116,-0.12421
1331769632236,-0.02076,0.02788,0.11820
1331769632238,-0.01503,0.02012,0.07893
1331769632257,-0.07144,0.09583,0.39557
1331769632293,-0.00850,0.01115,0.04473
1331769632328,-0.05121,0.06557,0.28426
1331769632362,-0.14653,0.18190,0.72908
1331769632401,0.00443,-0.00561,-0.02266
1331769632433,-0.11987,0.15021,0.62550
1331769632468,-0.06572,0.07862,0.34112
1331769632574,-0.02503,0.03579,0.14367
1331769632577,-0.09755,0.12492,0.53261
1331769632707,0.03290,-0.04144,-0.17037
1331769632711,-0.11397,0.15058,0.61838
1331769632714,-0.09216,0.11215,0.47866
1331769632716,-0.17668,0.20768,0.83627
1331769632718,-0.13059,0.16930,0.75582
1331769632755,-0.07953,0.08128,0.33115
1331769632783,-0.09594,0.10822,0.47282
1331769632830,-0.04829,0.06403,0.26468
1331769632931,-0.04849,0.05867,0.23528
1331769632933,-0.02977,0.03363,0.15090
1331769632948,-0.09298,0.11840,0.46618
1331769633070,0.01882,-0.02388,-0.09673
1331769633071,-0.06943,0.07840,0.31554
1331769633075,-0.04228,0.05597,0.23423
1331769633077,-0.05720,0.07315,0.29524
1331769633099,-0.08069,0.09034,0.37277
1331769633134,-0.05260,0.06145,0.25657
1331769633169,-0.03700,0.03956,0.16624
1331769633204,-0.01461,0.01862,0.07550
1331769633240,-0.05975,0.07087,0.28539
1331769633274,-0.03582,0.04820,0.19952
1331769633309,-0.04347,0.05658,0.21611
1331769633345,-0.03145,0.04124,0.16414
1331769633379,-0.03409,0.04176,0.16936
1331769633415,-0.05033,0.06178,0.25182
1331769633450,-0.02641,0.03412,0.13201
1331769633591,-0.08297,0.11917,0.45384
1331769633593,-0.04879,0.05472,0.23905
1331769633596,-0.03324,0.03645,0.15723
1331769633712,-0.00663,0.00782,0.03192
1331769633713,-0.02263,0.02420,0.10038
1331769633713,-0.02404,0.02936,0.12429
1331769633714,-0.04705,0.06017,0.25800
1331769633728,-0.05826,0.06039,0.26119
1331769633765,-0.06835,0.07858,0.33421
1331769633800,-0.07001,0.07652,0.32754
1331769633836,-0.02804,0.03014,0.12879
1331769633871,-0.04585,0.07134,0.28604
1331769633905,-0.08312,0.09354,0.37696
1331769633940,-0.05145,0.07174,0.27599
1331769634131,-0.01849,0.02448,0.10118
1331769634196,-0.04462,0.05232,0.22210
1331769634198,-0.08002,0.12579,0.50780
1331769634212,-0.04630,0.06077,0.25109
1331769634235,-0.04468,0.05164,0.21938
1331769634377,-0.05792,0.07511,0.32357
1331769634383,-0.02568,0.02777,0.12288
1331769634384,-0.07622,0.10012,0.40685
1331769634385,-0.06308,0.08686,0.35473
1331769634385,-0.07662,0.08400,0.36372
1331769634386,-0.06066,0.06752,0.28733
1331769634387,-0.08665,0.09138,0.38406
1331769634562,-0.02298,0.02661,0.10578
1331769634563,-0.03972,0.05233,0.20749
1331769634564,-0.00537,0.00647,0.02664
1331769634565,-0.00997,0.01352,0.05146
1331769634565,-0.08747,0.10416,0.40761
1331769634626,0.00466,-0.00554,-0.02329
1331769634627,-0.14439,0.16470,0.68055
1331769634640,-0.05728,0.06623,0.27376
1331769634676,-0.03300,0.03499,0.15866
1331769634711,-0.02358,0.02727,0.11296
1331769634747,0.00916,-0.00921,-0.03927
1331769634782,-0.08071,0.10044,0.39769
1331769634816,-0.03232,0.04015,0.15944
1331769634851,-0.04544,0.05006,0.20970
1331769634887,-0.07183,0.07921,0.33065
1331769634923,-0.03224,0.03324,0.14169
1331769634957,-0.06804,0.07042,0.29855
1331769634992,-0.05421,0.06275,0.24825
1331769635028,-0.04204,0.04216,0.18366
1331769635063,-0.06692,0.08231,0.32437
1331769635097,-0.03781,0.03886,0.17221
1331769635133,-0.06509,0.07089,0.30058
1331769635168,-0.11307,0.13974,0.54948
1331769635204,-0.01182,0.01349,0.05544
1331769635239,-0.05984,0.07054,0.28088
1331769635273,-0.05303,0.06179,0.25364
1331769635308,-0.04200,0.04680,0.19705
1331769635343,-0.02113,0.02698,0.10713
1331769635542,-0.06773,0.08852,0.36714
1331769635544,-0.05179,0.06373,0.26586
1331769635546,0.01996,-0.02395,-0.09427
1331769635565,-0.06962,0.08336,0.34825
1331769635565,-0.10642,0.10577,0.43905
1331769635624,-0.02136,0.02414,0.10305
1331769635625,-0.06838,0.07473,0.31803
1331769635626,-0.05587,0.06374,0.25694
1331769635656,-0.00580,0.00670,0.02855
1331769635693,-0.03910,0.04127,0.16947
1331769635728,-0.00513,0.00598,0.02388
1331769635763,-0.04208,0.04811,0.20802
1331769635798,-0.04319,0.04801,0.19858
1331769635833,-0.06210,0.06992,0.29237
1331769635868,-0.03777,0.04040,0.17162
1331769635903,-0.00242,0.00274,0.01068
1331769635938,0.02542,-0.02808,-0.11471
1331769635973,-0.04251,0.04829,0.20252
1331769636008,-0.03862,0.04676,0.18392
1331769636044,-0.01365,0.01337,0.05934
1331769636078,-0.05804,0.06243,0.25384
1331769636114,-0.06722,0.07766,0.32533
1331769636149,-0.02893,0.02771,0.12024
1331769636185,-0.07375,0.07519,0.32222
1331769636220,-0.03598,0.03667,0.16210
1331769636255,-0.09752,0.11446,0.44996
1331769636289,0.00896,-0.01045,-0.04182
1331769636342,-0.04867,0.05316,0.22927
1331769636360,-0.09774,0.10491,0.46457
1331769636492,-0.04515,0.05143,0.21222
1331769636494,-0.13422,0.14569,0.61838
1331769636496,-0.05803,0.06918,0.28036
1331769636567,-0.08424,0.09662,0.41050
1331769636580,-0.06659,0.08089,0.33589
1331769636581,-0.01678,0.01999,0.08385
1331769636605,-0.07806,0.08271,0.34891
1331769636728,-0.08569,0.09962,0.42872
1331769636729,-0.05272,0.06126,0.25102
1331769636730,-0.07235,0.08083,0.34610
1331769636799,-0.09445,0.11111,0.43471
1331769636799,-0.08280,0.07836,0.37826
1331769636814,-0.10173,0.12886,0.49957
1331769636851,-0.06775,0.07892,0.31945
1331769636886,-0.00547,0.00562,0.02349
1331769636921,-0.07130,0.07556,0.32099
1331769636955,-0.01285,0.01271,0.05765
1331769637050,-0.06357,0.07260,0.29803
1331769637051,-0.11044,0.12129,0.48572
1331769637058,-0.06533,0.06567,0.28968
1331769637096,-0.08318,0.09064,0.36957
1331769637130,-0.06325,0.05685,0.25012
1331769637166,0.01303,-0.01426,-0.06131
1331769637201,0.01210,-0.01523,-0.06416
1331769637236,-0.05496,0.05636,0.26690
1331769637271,-0.01685,0.02022,0.08791
1331769637306,-0.04586,0.05470,0.23890
1331769637342,-0.06688,0.07114,0.30674
1331769637377,-0.05876,0.06062,0.26945
1331769637498,-0.06139,0.06953,0.27526
1331769637501,-0.09895,0.11307,0.50963
1331769637503,-0.12987,0.14838,0.67824
1331769637569,-0.01780,0.02318,0.09605
1331769637570,-0.05367,0.06653,0.27857
1331769637585,0.08081,-0.07877,-0.34518
1331769637622,-0.09820,0.11279,0.50236
1331769637656,-0.10322,0.10611,0.53634
1331769637692,-0.15161,0.14743,0.65197
1331769637726,-0.18332,0.18717,0.86935
1331769637762,-0.11342,0.14377,0.62256
1331769637796,-0.11651,0.11044,0.48436
1331769637832,0.02774,-0.03015,-0.13808
1331769637870,-0.12971,0.13228,0.59853
1331769638045,-0.03005,0.02713,0.13438
1331769638046,-0.09075,0.12286,0.49368
1331769638050,-0.10078,0.11147,0.49873
1331769638051,-0.13752,0.14049,0.58042
1331769638126,-0.09072,0.09304,0.43403
1331769638128,-0.05588,0.05382,0.24700
1331769638129,-0.01210,0.01343,0.05579
1331769638165,-0.10812,0.11831,0.51932
1331769638183,-0.02840,0.03274,0.13871
1331769638219,-0.12980,0.13893,0.60290
1331769638253,-0.07078,0.07528,0.35040
1331769638288,-0.07500,0.07946,0.33940
1331769638323,-0.04897,0.06347,0.27716
1331769638358,-0.04698,0.05492,0.23362
1331769638394,-0.19710,0.19377,0.91263
1331769638520,-0.06990,0.07813,0.34337
1331769638522,-0.01558,0.01772,0.07350
1331769638525,-0.09198,0.09942,0.43758
1331769638667,-0.05585,0.06253,0.28465
1331769638668,-0.05762,0.05791,0.26229
1331769638669,0.00446,-0.00457,-0.02080
1331769638681,-0.03970,0.04154,0.18140
1331769638682,-0.09434,0.10520,0.47835
1331769638709,-0.04090,0.04083,0.18666
1331769638743,-0.10524,0.11264,0.49890
1331769638778,-0.07025,0.06907,0.29608
1331769638814,-0.00228,0.00216,0.01032
1331769638849,-0.00023,0.00023,0.00107
1331769638884,-0.06435,0.07439,0.32233
1331769638918,-0.07332,0.07416,0.35266
1331769638954,-0.10044,0.09119,0.44773
1331769638989,-0.07970,0.08332,0.38366
1331769639024,-0.10744,0.10579,0.47783
1331769639059,-0.02513,0.02794,0.13243
1331769639095,-0.11114,0.12075,0.56917
1331769639129,-0.11105,0.11143,0.48310
1331769639165,-0.07500,0.07779,0.37322
1331769639359,-0.12418,0.12573,0.58303
1331769639360,-0.09320,0.08951,0.44320
1331769639365,-0.05834,0.06599,0.30477
1331769639373,-0.03625,0.03334,0.16587
1331769639375,-0.01322,0.01653,0.07016
1331769639445,-0.05359,0.04913,0.23512
1331769639446,0.01943,-0.01858,-0.08789
1331769639540,-0.08783,0.09849,0.45150
1331769639554,-0.09177,0.08228,0.38497
1331769639557,-0.07678,0.07342,0.36265
1331769639631,-0.06044,0.06011,0.28683
1331769639631,-0.09278,0.09136,0.43411
1331769639632,-0.04715,0.05357,0.23985
1331769639654,-0.08973,0.08737,0.40721
1331769639691,-0.01681,0.01783,0.08191
1331769639725,-0.09631,0.10580,0.47493
1331769639761,-0.03960,0.03513,0.17509
1331769639795,-0.11167,0.12148,0.52779
1331769639831,-0.03353,0.03818,0.17003
1331769639865,-0.01888,0.01888,0.09146
1331769639900,-0.04661,0.05585,0.23885
1331769639935,-0.06629,0.06124,0.29015
1331769639970,-0.14864,0.13626,0.66675
1331769640006,0.09311,-0.09794,-0.42981
1331769640040,-0.13501,0.15367,0.70194
1331769640076,-0.06143,0.06318,0.28339
1331769640111,-0.03408,0.03350,0.15191
1331769640146,-0.04877,0.05825,0.27741
1331769640181,-0.04795,0.04614,0.21312
1331769640216,-0.06577,0.06664,0.32375
1331769640252,-0.05323,0.04726,0.22525
1331769640287,-0.07649,0.07938,0.34681
1331769640322,-0.03008,0.02953,0.13775
1331769640356,-0.04408,0.04605,0.20023
1331769640392,-0.02808,0.03035,0.13583
1331769640426,-0.06640,0.06237,0.29828
1331769640637,-0.05265,0.05471,0.24992
1331769640639,-0.08438,0.09192,0.39221
1331769640641,-0.04746,0.05018,0.22820
1331769640760,-0.06864,0.07334,0.34617
1331769640769,-0.11063,0.12306,0.55747
1331769640806,-0.01700,0.01803,0.08419
1331769640829,-0.07878,0.07075,0.33156
1331769640831,0.06039,-0.05814,-0.26293
1331769640834,-0.12455,0.13802,0.61098
1331769640935,-0.02514,0.02995,0.13496
1331769640937,0.01082,-0.01325,-0.05616
1331769640939,-0.04872,0.06073,0.26720
1331769640942,-0.03209,0.03057,0.15535
1331769640944,-0.06138,0.05917,0.27326
1331769640953,-0.05722,0.05908,0.27901
1331769640987,-0.05320,0.05291,0.24812
1331769641023,-0.14803,0.14467,0.64357
1331769641058,-0.05906,0.05631,0.25306
1331769641093,-0.00688,0.00667,0.03452
1331769641127,0.00732,-0.00853,-0.03474
1331769641166,-0.00713,0.00774,0.03476
1331769641198,-0.16750,0.18285,0.82989
1331769641233,-0.04001,0.03476,0.16954
1331769641268,-0.12016,0.12122,0.55339
1331769641303,-0.04827,0.04470,0.21087
1331769641338,0.05293,-0.06246,-0.27589
1331769641373,-0.12195,0.16080,0.66222
1331769641408,-0.03447,0.02711,0.14274
1331769641528,-0.10465,0.12719,0.54158
1331769641542,-0.00883,0.00784,0.03852
1331769641544,0.00380,-0.00384,-0.01729
1331769641655,-0.11957,0.13253,0.56323
1331769641657,-0.03798,0.04240,0.18754
1331769641659,-0.04131,0.05217,0.20809
1331769641662,-0.14379,0.16317,0.72784
1331769641698,-0.00527,0.00541,0.02297
1331769641723,-0.10318,0.13309,0.54709
1331769641758,-0.02199,0.02179,0.10134
1331769641906,-0.05546,0.05992,0.26520
1331769641908,-0.08355,0.07597,0.34735
1331769641923,-0.08854,0.07442,0.37146
1331769641925,-0.04840,0.05921,0.25345
1331769642015,-0.07881,0.09674,0.41207
1331769642016,0.00071,-0.00084,-0.00381
1331769642017,-0.19439,0.26069,1.04957
1331769642038,-0.10961,0.10991,0.48088
1331769642075,-0.09418,0.08536,0.38578
1331769642109,0.10391,-0.10709,-0.44164
1331769642144,-0.08825,0.09195,0.38955
1331769642180,-0.05013,0.05620,0.24571
1331769642214,-0.02503,0.02625,0.11184
1331769642249,-0.06131,0.06272,0.29895
1331769642285,-0.06308,0.07367,0.28840
1331769642320,-0.08568,0.09852,0.41706
1331769642377,-0.06199,0.06293,0.28162
1331769642390,0.00889,-0.00966,-0.04419
1331769642425,-0.01318,0.01261,0.05501
1331769642561,-0.05691,0.06129,0.27628
1331769642564,-0.07922,0.07873,0.33100
1331769642565,-0.06730,0.06693,0.30039
1331769642633,-0.10479,0.11482,0.45980
1331769642634,-0.10477,0.09667,0.44152
1331769642634,-0.04941,0.04433,0.20375
1331769642671,-0.06443,0.07110,0.30369
1331769642706,-0.01250,0.01324,0.05672
1331769642740,-0.04107,0.04706,0.19192
1331769642776,-0.10966,0.10864,0.44731
1331769642811,-0.01192,0.01179,0.05093
1331769642846,-0.04552,0.04156,0.18951
1331769642881,-0.02105,0.02185,0.08908
1331769642990,0.03054,-0.03643,-0.15585
1331769642991,-0.01560,0.02023,0.07687
1331769642992,0.02765,-0.02838,-0.12480
1331769643143,-0.07574,0.09075,0.38195
1331769643149,-0.01286,0.01327,0.05831
1331769643149,0.00732,-0.00812,-0.03374
1331769643150,-0.04099,0.05617,0.23427
1331769643209,0.00544,-0.00627,-0.02635
1331769643210,-0.13223,0.14748,0.64429
1331769643231,-0.19174,0.19881,0.78831
1331769643266,0.05693,-0.05141,-0.24011
1331769643302,-0.10779,0.11259,0.46923
1331769643338,-0.02780,0.03077,0.12714
1331769643371,-0.02048,0.02256,0.09668
1331769643408,-0.02438,0.03006,0.12656
1331769643442,0.06234,-0.06011,-0.28941
1331769643574,-0.07759,0.11193,0.46034
1331769643576,-0.04401,0.04524,0.19765
1331769643581,-0.04918,0.05856,0.24596
1331769643657,-0.11615,0.14519,0.64145
1331769643657,-0.11968,0.12502,0.51924
1331769643658,-0.04305,0.04279,0.20226
1331769643685,-0.04106,0.04304,0.18376
1331769643722,-0.05605,0.06040,0.26081
1331769643757,-0.09790,0.09648,0.41538
1331769643904,-0.13978,0.16064,0.68784
1331769643904,-0.12710,0.14800,0.72685
1331769643905,-0.19682,0.21154,0.80914
1331769643961,-0.00567,0.00564,0.02430
1331769643962,-0.09314,0.09838,0.40499
1331769643966,-0.18046,0.16888,0.73980
1331769644002,-0.04314,0.03997,0.17967
1331769644038,-0.10713,0.12093,0.48139
1331769644073,-0.01160,0.01384,0.06213
1331769644108,-0.05410,0.07940,0.31493
1331769644155,-0.03692,0.05198,0.23468
1331769644178,0.00139,-0.00146,-0.00594
1331769644301,-0.11205,0.11513,0.54797
1331769644464,0.10105,-0.10988,-0.42274
1331769644471,-0.09035,0.10909,0.48567
1331769644472,-0.11755,0.12943,0.58189
1331769644491,-0.10166,0.13071,0.48258
1331769644494,-0.03972,0.04207,0.18411
1331769644505,-0.12936,0.13131,0.58194
1331769644506,0.04568,-0.04405,-0.19898
1331769644710,-0.17961,0.18655,0.80778
1331769644713,-0.07169,0.07108,0.33227
1331769644715,-0.15820,0.15465,0.71673
1331769644717,-0.23226,0.26673,1.10526
1331769644731,-0.09109,0.08315,0.36825
1331769644734,0.02853,-0.03240,-0.13430
1331769644738,-0.10990,0.12786,0.53314
1331769644829,-0.01804,0.01895,0.08410
1331769644833,-0.04065,0.05277,0.21493
1331769644836,-0.04667,0.05109,0.22749
1331769644844,-0.00489,0.00544,0.02393
1331769644880,-0.01308,0.01678,0.07044
1331769644915,-0.11886,0.12609,0.54771
1331769644949,0.03425,-0.03460,-0.16718
1331769644985,-0.04408,0.04800,0.20786
1331769645020,-0.05482,0.05982,0.27042
1331769645054,-0.02486,0.03077,0.12342
1331769645090,-0.10434,0.13999,0.57703
1331769645125,-0.06041,0.06509,0.27678
1331769645159,-0.06706,0.07269,0.30685
1331769645195,-0.13458,0.12162,0.54274
1331769645229,-0.15712,0.13724,0.63076
1331769645265,-0.12463,0.13658,0.56901
1331769645300,-0.15849,0.16902,0.71912
1331769645335,-0.14871,0.15773,0.65569
1331769645381,-0.07854,0.08290,0.34634
1331769645406,-0.05230,0.05494,0.24482
1331769645538,0.00671,-0.00838,-0.03262
1331769645539,-0.00664,0.00804,0.03433
1331769645617,-0.07255,0.08285,0.34504
1331769645642,-0.03036,0.03442,0.14240
1331769645645,0.06080,-0.05748,-0.25927
1331769645647,0.00140,-0.00165,-0.00652
1331769645736,-0.01373,0.01607,0.06852
1331769645737,-0.01430,0.01701,0.07007
1331769645737,0.02512,-0.03240,-0.12970
1331769645753,-0.05940,0.06742,0.28359
1331769645791,-0.00914,0.00998,0.04259
1331769645825,-0.00307,0.00371,0.01590
1331769645860,0.00436,-0.00482,-0.02078
1331769645895,-0.01393,0.01722,0.07172
1331769645930,-0.06487,0.08120,0.33242
1331769645966,-0.10177,0.11234,0.47181
1331769646000,-0.02631,0.02552,0.11770
1331769646036,-0.01154,0.01263,0.05659
1331769646071,-0.03625,0.04367,0.17804
1331769646107,-0.10002,0.11388,0.49874
1331769646141,-0.10696,0.12554,0.50731
1331769646177,-0.05229,0.05482,0.25553
1331769646211,-0.07311,0.07610,0.32495
1331769646247,-0.03429,0.03686,0.16207
1331769646281,-0.00417,0.00469,0.01910
1331769646316,-0.07658,0.09739,0.40118
1331769646352,-0.10294,0.10869,0.50702
1331769646392,-0.08392,0.09747,0.39412
1331769646422,-0.12674,0.14956,0.65078
1331769646457,-0.03384,0.04088,0.17483
1331769646492,-0.03126,0.03740,0.14988
1331769646584,-0.05273,0.05714,0.25242
1331769646586,-0.02840,0.03251,0.13547
1331769646700,-0.02866,0.02879,0.12562
1331769646702,-0.07306,0.08424,0.36161
1331769646704,-0.05235,0.05529,0.24147
1331769646784,-0.14219,0.16678,0.69436
1331769646882,-0.11480,0.12661,0.57671
1331769646888,-0.10118,0.11627,0.50839
1331769646889,0.00214,-0.00227,-0.00999
1331769646890,-0.13955,0.18245,0.72253
1331769646891,-0.03168,0.03444,0.14657
1331769646961,-0.05320,0.05517,0.24377
1331769646962,-0.01088,0.01179,0.05111
1331769646982,-0.04579,0.04567,0.19817
1331769647019,-0.01703,0.01948,0.07833
1331769647054,-0.05754,0.06685,0.27274
1331769647090,-0.01098,0.01281,0.05538
1331769647124,-0.07342,0.08492,0.35790
1331769647158,-0.03602,0.03638,0.16549
1331769647193,-0.07011,0.07468,0.30969
1331769647229,-0.00203,0.00223,0.00974
1331769647264,-0.06085,0.07246,0.30107
1331769647299,-0.01239,0.01394,0.06021
1331769647335,-0.06676,0.07082,0.30636
1331769647371,-0.06819,0.07656,0.33139
1331769647499,-0.03201,0.03635,0.14563
1331769647502,-0.05023,0.05997,0.24875
1331769647504,-0.05569,0.06218,0.26567
1331769647571,-0.06923,0.07337,0.31633
1331769647572,-0.10147,0.10955,0.48911
1331769647577,-0.07482,0.07802,0.32909
1331769647613,0.00066,-0.00068,-0.00304
1331769647649,-0.16173,0.16432,0.71260
1331769647683,-0.01740,0.01763,0.07224
1331769647718,-0.08578,0.08488,0.38249
1331769647754,-0.02411,0.02498,0.10765
1331769647789,-0.11276,0.11247,0.48660
1331769647824,-0.10783,0.11940,0.49233
1331769647859,0.03402,-0.03548,-0.15440
1331769647894,-0.14050,0.15667,0.66043
1331769647959,-0.05296,0.05216,0.26552
1331769647964,-0.15296,0.13972,0.64125
1331769648011,-0.14035,0.16919,0.71829
1331769648237,-0.05221,0.05430,0.22072
1331769648238,-0.06705,0.06219,0.26373
1331769648244,-0.06461,0.07788,0.32408
1331769648245,-0.03727,0.03878,0.16050
1331769648246,0.09816,-0.09845,-0.43796
1331769648247,-0.03510,0.04435,0.18110
1331769648326,-0.09888,0.11486,0.51041
1331769648327,-0.01570,0.01688,0.06958
1331769648328,-0.14186,0.13712,0.59446
1331769648349,-0.07779,0.07002,0.32070
1331769648392,-0.05810,0.06178,0.25928
1331769648508,-0.18542,0.17929,0.79023
1331769648510,-0.04764,0.04356,0.19248
1331769648513,-0.11001,0.12064,0.48765
1331769648580,-0.15656,0.15137,0.67737
1331769648581,-0.02961,0.03013,0.13824
1331769648594,-0.09285,0.11742,0.48470
1331769648630,-0.10015,0.11917,0.48843
1331769648666,-0.09326,0.10083,0.42858
1331769648700,-0.05466,0.06086,0.26636
1331769648736,-0.06834,0.05824,0.28228
1331769648770,-0.00639,0.00750,0.03180
1331769648964,-0.11418,0.11538,0.44652
1331769648966,0.01298,-0.01325,-0.05691
1331769648967,-0.00227,0.00239,0.01007
1331769648971,-0.06228,0.06112,0.26257
1331769649058,0.01007,-0.01091,-0.04837
1331769649068,-0.04830,0.05578,0.23091
1331769649068,-0.07146,0.08388,0.37544
1331769649069,-0.02839,0.03572,0.14171
1331769649144,0.01174,-0.01171,-0.05306
1331769649145,-0.06874,0.06877,0.28580
1331769649154,-0.08206,0.08277,0.35832
1331769649196,-0.09927,0.09672,0.42623
1331769649226,-0.14041,0.14642,0.64516
1331769649350,0.00795,-0.00767,-0.03322
1331769649351,-0.10974,0.11638,0.50803
1331769649351,0.04390,-0.04530,-0.20339
1331769649435,-0.07734,0.09017,0.36454
1331769649436,0.02684,-0.03418,-0.14085
1331769649547,-0.06162,0.06731,0.28795
1331769649628,-0.03099,0.03318,0.14771
1331769649629,-0.10406,0.10751,0.47850
1331769649629,0.01922,-0.01941,-0.09407
1331769649635,-0.11851,0.12359,0.56058
1331769649635,0.02186,-0.02037,-0.09515
1331769649694,-0.07736,0.07516,0.34920
1331769649694,-0.00904,0.00934,0.04360
1331769649715,-0.02373,0.02443,0.10682
1331769649750,-0.05886,0.06182,0.27706
1331769649785,-0.02303,0.02730,0.12681
1331769649820,-0.09382,0.09573,0.42949
1331769649855,-0.06103,0.07355,0.33100
1331769649891,-0.07581,0.07520,0.34299
1331769649928,-0.09188,0.09239,0.42102
1331769649961,-0.07630,0.08818,0.39451
1331769649996,-0.08565,0.09064,0.40948
1331769650030,-0.09722,0.10207,0.45302
1331769650068,0.01762,-0.01694,-0.07792
1331769650103,-0.07848,0.07227,0.31782
1331769650138,-0.04318,0.05429,0.22846
1331769650173,0.00705,-0.00740,-0.03353
1331769650211,-0.02101,0.02333,0.11721
1331769650242,-0.08480,0.09300,0.45424
1331769650276,-0.06745,0.06756,0.31218
1331769650314,-0.17199,0.17537,0.77950
1331769650349,0.04589,-0.04252,-0.19334
1331769650384,-0.19857,0.16799,0.84659
1331769650429,0.14154,-0.09825,-0.48785
1331769650622,-0.02592,0.01987,0.10071
1331769650624,-0.07043,0.06351,0.30559
1331769650626,-0.05402,0.05726,0.23095
1331769650744,-0.05773,0.10934,0.50372
1331769650746,-0.01558,0.02588,0.10047
1331769650761,0.02461,-0.03082,-0.11790
1331769650762,-0.05339,0.06448,0.30977
1331769650771,-0.10095,0.08988,0.43307
1331769650772,-0.14234,0.17471,0.70317
1331769650873,-0.14217,0.13294,0.72154
1331769650874,-0.12516,0.19268,0.81272
1331769650875,-0.08874,0.13019,0.53674
1331769650876,-0.07105,0.08819,0.42211
1331769650909,0.10105,-0.12531,-0.50976
1331769650945,-0.12442,0.13041,0.55148
1331769650979,-0.08672,0.08795,0.38700
1331769651015,-0.07561,0.06876,0.29383
1331769651049,-0.10809,0.08281,0.44595
1331769651086,-0.03436,0.03446,0.15284
1331769651205,-0.05054,0.05375,0.24271
1331769651207,-0.05802,0.07036,0.30480
1331769651208,-0.05791,0.06332,0.28556
1331769651273,-0.05378,0.05612,0.25739
1331769651274,-0.00335,0.00289,0.01434
1331769651337,-0.06159,0.06519,0.30183
1331769651338,-0.04653,0.05149,0.23498
1331769651363,-0.07633,0.07413,0.34200
1331769651398,-0.06394,0.07806,0.34679
1331769651433,-0.10567,0.13474,0.60258
1331769651471,-0.01833,0.01938,0.08733
1331769651587,-0.09969,0.12144,0.50563
1331769651589,-0.08962,0.11651,0.48839
1331769651675,-0.11846,0.13657,0.57745
1331769651675,-0.08714,0.08746,0.39886
1331769651676,-0.05796,0.06340,0.27152
1331769651795,-0.06997,0.06829,0.29670
1331769651796,-0.11701,0.12972,0.58422
1331769651797,-0.09589,0.10225,0.44955
1331769651797,-0.11140,0.12997,0.55761
1331769651819,-0.06730,0.07400,0.33822
1331769651967,-0.04388,0.04844,0.21677
1331769651968,-0.02543,0.03152,0.12664
1331769651974,-0.03675,0.04498,0.19304
1331769651974,-0.03006,0.03424,0.14566
1331769652060,-0.09162,0.09325,0.41279
1331769652061,-0.10257,0.09638,0.47752
1331769652064,-0.03944,0.04451,0.19458
1331769652100,-0.09764,0.10737,0.46123
1331769652134,-0.10267,0.12759,0.56380
1331769652169,-0.09511,0.12131,0.49838
1331769652207,-0.08053,0.07875,0.36173
1331769652241,-0.00928,0.00984,0.04426
1331769652278,-0.09532,0.10825,0.43574
1331769652312,-0.11466,0.11258,0.51940
1331769652347,-0.02560,0.03199,0.13928
1331769652393,-0.10781,0.11980,0.52308
1331769652532,-0.09157,0.09819,0.42995
1331769652547,-0.05132,0.06254,0.26116
1331769652549,-0.11352,0.12571,0.55862
1331769652550,0.00839,-0.01037,-0.04547
1331769652627,-0.03706,0.05569,0.21510
1331769652628,-0.06413,0.07440,0.32792
1331769652629,-0.00891,0.01065,0.04624
1331769652662,-0.02932,0.03629,0.15183
1331769652697,-0.06162,0.07336,0.30838
1331769652732,-0.07903,0.08728,0.39112
1331769652768,-0.05008,0.06597,0.27444
1331769652802,-0.05901,0.07716,0.33217
1331769652837,-0.07004,0.09543,0.40698
1331769652872,-0.07786,0.08940,0.41534
1331769652907,-0.04464,0.05389,0.23360
1331769652943,-0.02223,0.02816,0.12534
1331769652978,-0.07890,0.09336,0.38674
1331769653026,-0.06305,0.07773,0.35954
1331769653048,-0.07716,0.09317,0.42727
1331769653198,-0.08057,0.09861,0.44028
1331769653199,-0.09275,0.12346,0.57640
1331769653199,-0.08920,0.12100,0.52929
1331769653219,-0.11377,0.15471,0.72159
1331769653266,-0.05680,0.06527,0.31727
1331769653267,-0.05145,0.06982,0.30961
1331769653292,-0.06519,0.08719,0.37553
1331769653345,-0.04957,0.06036,0.28571
1331769653368,-0.06745,0.08351,0.35789
1331769653471,-0.05942,0.06210,0.28702
1331769653471,0.06871,-0.07363,-0.33106
1331769653472,-0.02703,0.03029,0.14016
1331769653519,0.01568,-0.01803,-0.09051
1331769653538,-0.14821,0.18801,0.76864
1331769653572,0.13454,-0.20501,-0.87640
1331769653607,-0.06790,0.07614,0.32519
1331769653641,0.01132,-0.01361,-0.07305
1331769653697,-0.00606,0.00626,0.02904
1331769653718,0.03115,-0.03673,-0.16362
1331769653747,0.01306,-0.01546,-0.07222
1331769653782,-0.03819,0.05365,0.24731
1331769653817,-0.10264,0.12047,0.48893
1331769653852,0.02232,-0.03673,-0.15751
1331769653890,-0.05337,0.08623,0.32086
1331769653923,-0.05358,0.09207,0.44055
1331769653958,-0.07567,0.13163,0.54663
1331769653994,-0.11579,0.19946,0.88977
1331769654030,-0.14035,0.19770,0.91916
1331769654064,-0.12797,0.19675,0.85239
1331769654102,-0.10888,0.15460,0.71418
1331769654136,-0.10756,0.14396,0.66600
1331769654168,-0.15229,0.18934,0.83083
1331769654203,0.02163,-0.02353,-0.11015
1331769654241,-0.16239,0.15512,0.72221
1331769654274,-0.12732,0.12674,0.64735
1331769654312,-0.05434,0.08316,0.33310
1331769654553,0.05799,-0.08809,-0.42974
1331769654556,-0.06790,0.11986,0.45832
1331769654654,0.01633,-0.01324,-0.08989
1331769654666,-0.61295,0.67972,2.79996
1331769654667,0.17595,-0.09430,-0.65859
1331769654682,-0.13729,0.18986,0.72503
1331769654683,0.07551,-0.04422,-0.27649
1331769654688,-0.02093,0.06926,0.25307
1331769654689,0.12108,-0.18711,-0.92008
1331769654757,-0.03406,0.07818,0.26612
1331769654758,0.05743,-0.11162,-0.49067
1331769654758,-0.40056,0.52093,2.28724
1331769654763,-0.01171,0.01494,0.08394
1331769654800,-0.06460,0.09278,0.33830
1331769654836,0.04836,-0.04216,-0.25428
1331769654871,0.05980,-0.08633,-0.31933
1331769654906,-0.05401,0.07704,0.41867
1331769654942,-0.00966,0.01623,0.07047
1331769654977,-0.07448,0.10939,0.49546
1331769655011,-0.04037,0.06526,0.32550
1331769655047,-0.07835,0.09720,0.45116
1331769655082,-0.09902,0.11548,0.60336
1331769655116,-0.06786,0.09075,0.46323
1331769655151,-0.02450,0.03560,0.17430
1331769655187,-0.04616,0.06840,0.33995
1331769655221,-0.06823,0.11825,0.54702
1331769655256,-0.09765,0.13014,0.60830
1331769655292,-0.02278,0.03033,0.15028
1331769655328,-0.10295,0.12477,0.65220
1331769655362,-0.04218,0.04346,0.21472
1331769655478,-0.10193,0.10856,0.55496
1331769655564,-0.09310,0.08898,0.49514
1331769655566,-0.13068,0.13989,0.67127
1331769655650,0.05253,-0.05290,-0.30807
1331769655651,-0.10231,0.11223,0.51923
1331769655656,-0.05821,0.06854,0.34059
1331769655657,-0.06164,0.06481,0.32701
1331769655658,-0.07543,0.07236,0.38881
1331769655711,-0.05334,0.05172,0.27819
1331769655712,-0.05515,0.04893,0.26403
1331769655748,-0.11679,0.10231,0.57299
1331769655783,-0.00214,0.00168,0.00903
1331769655818,-0.06191,0.05833,0.29827
1331769655853,-0.02271,0.01941,0.11290
1331769655887,-0.06866,0.06549,0.32222
1331769655923,-0.06548,0.05805,0.33455
1331769655969,-0.16336,0.14281,0.76915
1331769655994,-0.02571,0.02084,0.12046
1331769656028,-0.08874,0.07332,0.45482
1331769656064,-0.05362,0.05032,0.26547
1331769656099,-0.09098,0.08598,0.46170
1331769656134,-0.09573,0.08346,0.45664
1331769656169,-0.03222,0.02611,0.14908
1331769656204,-0.14256,0.12985,0.75130
1331769656239,-0.08804,0.08372,0.47187
1331769656274,-0.11742,0.10847,0.61049
1331769656308,-0.04921,0.04528,0.28034
1331769656345,-0.04910,0.04298,0.23834
1331769656381,-0.04838,0.04186,0.24363
1331769656424,-0.07192,0.06415,0.38327
1331769656543,-0.08015,0.06767,0.42853
1331769656546,-0.08333,0.06486,0.40579
1331769656548,-0.05988,0.04946,0.33203
1331769656607,-0.07473,0.06184,0.38011
1331769656607,-0.09020,0.07289,0.48012
1331769656622,-0.06575,0.05334,0.34398
1331769656659,-0.09877,0.07146,0.49774
1331769656694,-0.08048,0.05772,0.41003
1331769656730,-0.04104,0.03221,0.22200
1331769656764,-0.08152,0.07217,0.45737
1331769656799,-0.07234,0.05146,0.35804
1331769656946,-0.05835,0.04612,0.30300
1331769656948,-0.08361,0.06557,0.47396
1331769656956,-0.04789,0.03574,0.25392
1331769656957,-0.07158,0.05575,0.41259
1331769657006,-0.09968,0.07363,0.54698
1331769657008,-0.09658,0.05958,0.48732
1331769657044,-0.10492,0.07427,0.55128
1331769657081,-0.10789,0.06080,0.54114
1331769657116,-0.05970,0.03453,0.30297
1331769657151,-0.06213,0.04112,0.32261
1331769657185,-0.10738,0.06237,0.58408
1331769657221,-0.07064,0.04187,0.38767
1331769657255,-0.08246,0.05078,0.47687
1331769657291,-0.10140,0.06277,0.55561
1331769657326,-0.02237,0.01042,0.11520
1331769657361,-0.08361,0.05222,0.46285
1331769657441,-0.07463,0.04057,0.40792
1331769657444,-0.10397,0.06039,0.57099
1331769657573,-0.04942,0.02813,0.28918
1331769657574,-0.05571,0.03014,0.29821
1331769657576,-0.05486,0.02959,0.32375
1331769657670,-0.08772,0.04198,0.43924
1331769657672,-0.11653,0.06335,0.60920
1331769657673,-0.10344,0.06169,0.61778
1331769657676,-0.01450,0.00762,0.07544
1331769657711,-0.05695,0.03735,0.35266
1331769657746,-0.11241,0.05558,0.62732
1331769657782,-0.10172,0.06199,0.61608
1331769657816,-0.09583,0.06502,0.64030
1331769657852,-0.08218,0.03915,0.43489
1331769657887,-0.06548,0.02881,0.32380
1331769657921,-0.03143,0.01454,0.20054
1331769657957,-0.08307,0.04246,0.44100
1331769657991,-0.05825,0.02759,0.36270
