1331769610029,-1.9303857,2.37077,9.633517
1331769610064,-1.9529887,2.3945704,9.773625
1331769610181,-1.974993,2.2138963,9.701027
1331769610182,-1.929338,2.341431,9.706565
1331769610182,-1.99086,2.362986,9.672885
1331769610267,-2.0709434,2.3969655,9.683213
1331769610268,-2.0124152,2.3082001,9.717492
1331769610273,-1.9459534,2.2602997,9.70447
1331769610310,-1.9359242,2.2917342,9.731114
1331769610345,-1.8678159,2.4176226,9.7531185
1331769610389,-1.9014958,2.3637345,9.774075
1331769610416,-1.9999909,2.364932,9.83904
1331769610450,-1.9440074,2.2137465,9.764046
1331769610552,-1.9455043,2.291884,9.642348
1331769610555,-1.9803817,2.4080424,9.731114
1331769610622,-1.95239,2.3373895,9.747879
1331769610623,-1.9305354,2.288591,9.739945
1331769610624,-1.8384769,2.1430933,9.798474
1331769610661,-2.0079246,2.3700216,9.634116
1331769610695,-1.9435583,2.3872356,9.648935
1331769610731,-1.902843,2.2691314,9.763147
1331769610766,-1.9742446,2.3032603,9.726474
1331769610801,-1.9960991,2.2450314,9.741892
1331769610836,-1.8800904,2.3230193,9.7618
1331769610871,-1.8946102,2.1998255,9.703272
1331769610905,-2.032174,2.3263123,9.7851515
1331769610942,-2.0240908,2.3278093,9.696686
1331769610976,-1.9782861,2.3460712,9.780361
1331769611012,-1.9757414,2.2972727,9.796378
1331769611047,-1.8842816,2.3432271,9.726324
1331769611082,-1.959126,2.3415806,9.81449
1331769611116,-1.9146684,2.3117926,9.770632
1331769611151,-2.0191512,2.3936722,9.7618
1331769611187,-1.9258951,2.364034,9.7691345
1331769611222,-1.9217038,2.4035518,9.674682
1331769611257,-1.950444,2.3254142,9.757759
1331769611292,-2.0071762,2.3492148,9.733359
1331769611327,-1.9772383,2.3408322,9.731862
1331769611362,-1.9252963,2.2972727,9.670041
1331769611544,-2.0339704,2.351011,9.75222
1331769611544,-1.9718496,2.3522086,9.714798
1331769611624,-1.8748512,2.311643,9.6901
1331769611626,-1.9194585,2.3713686,9.713151
1331769611628,-1.9790345,2.3171813,9.730066
1331769611730,-1.9728973,2.2948778,9.734108
1331769611730,-1.9776874,2.4559429,9.71375
1331769611731,-1.9481987,2.3158343,9.721234
1331769611732,-1.9761904,2.3565495,9.778116
1331769611733,-1.9670595,2.2878425,9.707014
1331769611791,-1.9616706,2.2926323,9.755513
1331769611792,-1.8549427,2.2119503,9.764645
1331769611816,-1.9878662,2.3300545,9.78081
1331769611853,-1.9811302,2.29862,9.755513
1331769611888,-1.9116746,2.29862,9.756711
1331769611922,-1.8907182,2.3628364,9.820628
1331769611957,-1.9938538,2.3022125,9.765244
1331769611992,-2.0564237,2.2369483,9.73291
1331769612027,-1.9447559,2.3993604,9.687854
1331769612063,-1.974993,2.3544538,9.733659
1331769612098,-2.0267854,2.2576053,9.796378
1331769612133,-1.9887643,2.1838088,9.8358965
1331769612168,-1.9390677,2.2867947,9.667197
1331769612204,-1.986968,2.400558,9.8077545
1331769612239,-2.003883,2.4045997,9.674382
1331769612279,-2.0299287,2.3385868,9.836046
1331769612309,-2.001488,2.3543043,9.762399
1331769612344,-1.9390677,2.320325,9.762548
1331769612378,-1.9598744,2.2076092,9.80536
1331769612414,-1.968706,2.4399261,9.78096
1331769612448,-1.9821781,2.2900877,9.700428
1331769612674,-1.9025437,2.360142,9.709259
1331769612676,-1.8477576,2.3623874,9.753867
1331769612678,-1.961521,2.2594016,9.745784
1331769612755,-2.0381615,2.4198678,9.710157
1331769612756,-1.9401155,2.3207738,9.745484
1331769612756,-1.9946022,2.2564077,9.776918
1331769612762,-1.9296373,2.3324497,9.688153
1331769612763,-2.0073256,2.213447,9.7426405
1331769612832,-1.8856288,2.2580543,9.723181
1331769612833,-1.9501446,2.3604414,9.651779
1331769612834,-1.939367,2.2589524,9.726923
1331769612869,-1.9977456,2.3622377,9.784702
1331769612904,-2.0074754,2.255809,9.720337
1331769612942,-1.9499949,2.2776635,9.745634
1331769612975,-2.0058289,2.3020627,9.763746
1331769613010,-1.938918,2.2266197,9.720785
1331769613045,-1.9728973,2.35625,9.684561
1331769613079,-1.9691551,2.3638842,9.666598
1331769613114,-1.9076331,2.2129982,9.78096
1331769613150,-1.9670595,2.3984623,9.623487
1331769613184,-2.06301,2.4333398,9.673484
1331769613220,-1.9151175,2.3267615,9.661209
1331769613255,-2.0118165,2.3843915,9.614956
1331769613292,-2.0276835,2.4595354,9.714798
1331769613325,-2.0323238,2.569407,9.650432
1331769613361,-2.0896544,2.5828788,9.642648
1331769613395,-2.0570223,2.624193,9.588012
1331769613430,-2.0269349,2.7134075,9.620194
1331769613465,-2.0660038,2.547253,9.628727
1331769613593,-2.1198916,2.7190957,9.627679
1331769613595,-2.0703447,2.6168582,9.63187
1331769613597,-2.0785775,2.518962,9.715846
1331769613692,-1.9893631,2.5945547,9.744885
1331769613693,-2.0311263,2.547253,9.563612
1331769613694,-2.088008,2.5168662,9.649683
1331769613711,-2.0098705,2.5647666,9.6163025
1331769613848,-2.0288808,2.4882755,9.707463
1331769613912,-2.1290226,2.49576,9.711056
1331769613914,-2.0103195,2.632276,9.633817
1331769613993,-2.010619,2.5734484,9.6863575
1331769614069,-1.9525397,2.5358765,9.679023
1331769614074,-1.9450552,2.5406666,9.729318
1331769614075,-2.0390596,2.6493406,9.754914
1331769614080,-2.0739372,2.6056316,9.589359
1331769614081,-2.036066,2.5692573,9.6228895
1331769614081,-1.9642154,2.537074,9.731712
1331769614143,-1.9832258,2.6104217,9.69938
1331769614144,-2.05822,2.5423133,9.591604
1331769614180,-2.1270766,2.685266,9.531429
1331769614201,-2.0089724,2.73616,9.596395
1331769614237,-2.0176542,2.7927425,9.632918
1331769614272,-2.1347108,2.8861482,9.5931015
1331769614307,-2.170187,2.9234207,9.640403
1331769614342,-2.1615052,3.0916708,9.554781
1331769614377,-2.1944366,3.1626234,9.558823
1331769614412,-2.1839585,3.1496003,9.455687
1331769614448,-2.1965322,3.2983909,9.372759
1331769614482,-2.1420455,3.2967443,9.392368
1331769614592,-2.1180954,3.4217346,9.313931
1331769614594,-2.0531304,3.6077976,9.337732
1331769614644,-2.4227118,3.6256106,9.437425
1331769614645,-2.2505698,3.7482057,9.264384
1331769614655,-2.2074594,3.7184174,9.323362
1331769614692,-2.151925,3.6982095,9.405691
1331769614728,-2.105821,3.7342844,9.363778
1331769614762,-2.2611978,3.7279975,9.3437195
1331769614797,-2.1185446,3.6738102,9.198372
1331769614832,-2.2838008,3.5901344,9.359138
1331769614868,-2.119742,3.5804045,9.30016
1331769614902,-2.2237756,3.6916232,9.458232
1331769614937,-2.1534219,3.5338514,9.3453665
1331769614972,-2.2517674,3.6621346,9.511221
1331769615009,-2.295327,3.497926,9.5699
1331769615043,-2.201921,3.5446289,9.3083935
1331769615078,-2.3090982,3.4853523,9.42485
1331769615116,-2.1718338,3.4480796,9.26663
1331769615148,-1.9649638,3.4579592,9.344618
1331769615256,-1.9392173,3.468587,9.563612
1331769615257,-1.9208057,3.3301249,9.394165
1331769615263,-1.9818786,3.3139586,9.55972
1331769615347,-2.0757334,3.2242951,9.529184
1331769615348,-1.9188597,3.276237,9.548344
1331769615356,-1.9601738,3.4087114,9.663305
1331769615395,-1.9600241,3.3070729,9.557924
1331769615429,-1.9428099,3.2784824,9.527537
1331769615464,-2.140998,3.1630723,9.448502
1331769615596,-2.092349,3.1566358,9.522597
1331769615598,-2.0727396,3.161276,9.4494
1331769615601,-2.0648062,3.2982414,9.506132
1331769615676,-2.2439835,3.1413674,9.536669
1331769615677,-2.1335135,3.1475048,9.65133
1331769615677,-2.1309686,3.1563363,9.595796
1331769615708,-2.3082001,3.1196625,9.634864
1331769615745,-2.1032763,3.0915213,9.55059
1331769615779,-2.031725,3.0599368,9.664204
1331769615814,-2.0438497,3.0109887,9.518556
1331769615850,-2.0806732,3.0710137,9.516311
1331769615884,-2.1656964,3.0615835,9.480984
1331769615919,-2.0001407,2.9539573,9.425
1331769615954,-2.0565734,3.0479617,9.644444
1331769615990,-2.1402493,2.9946725,9.623338
1331769616024,-2.1802163,2.9364436,9.657916
1331769616059,-2.3185287,2.870431,9.590556
1331769616095,-2.3619382,2.941533,9.55972
1331769616130,-2.2867947,2.872377,9.620494
1331769616164,-2.296674,2.893034,9.750873
1331769616199,-2.3221211,2.809358,10.0030985
1331769616235,-2.6182053,2.777175,9.861194
1331769616270,-2.563569,2.7571166,9.528735
1331769616306,-2.503993,2.8211832,9.256451
1331769616340,-2.4450157,2.9330008,9.104068
1331769616386,-2.2089565,2.987188,9.367221
1331769616410,-2.1052222,2.9695249,9.114845
1331769616520,-2.143243,3.1043944,9.408685
1331769616521,-2.176474,3.0138328,9.211544
1331769616743,-2.262545,2.9042606,9.375903
1331769616757,-2.334246,3.1356792,9.505683
1331769616760,-2.2406905,3.1275961,9.350006
1331769616762,-2.2785616,3.0994546,9.4012
1331769616776,-2.2722747,3.213218,9.505234
1331769616777,-2.2552102,3.2976425,9.666149
1331769616778,-2.1706362,3.1018496,9.673933
1331769616845,-2.2376966,3.2506402,9.701027
1331769616846,-2.2393432,3.0874796,9.438922
1331769616846,-2.1689897,3.2213013,9.4402685
1331769616864,-2.5204587,3.1421158,9.664802
1331769616902,-2.4605832,3.044968,9.493408
1331769616937,-2.4463627,3.270998,9.605974
1331769616971,-2.617008,3.0301487,9.664054
1331769617006,-2.4312441,3.197351,9.419762
1331769617041,-2.3349943,3.1760952,9.157507
1331769617076,-2.2579048,3.1561866,9.210647
1331769617111,-2.0540285,3.3070729,9.272617
1331769617147,-2.1439915,3.268154,9.2432785
1331769617181,-2.2857468,3.2904575,9.216484
1331769617217,-2.0281324,3.2078292,9.312435
1331769617251,-2.1457877,3.162324,9.623937
1331769617293,-2.467469,3.1657667,10.087074
1331769617322,-2.4766,3.1428645,9.995315
1331769617357,-2.736759,3.222499,9.919871
1331769617515,-2.550995,3.1241534,9.737551
1331769617519,-2.4990532,3.1120286,9.389974
1331769617524,-2.1619542,3.1368768,9.1378975
1331769617641,-2.0604653,3.26037,9.505084
1331769617642,-2.2004242,3.2769854,9.39147
1331769617647,-2.1450393,3.021916,9.432784
1331769617648,-2.3016138,3.1735506,9.183104
1331769617649,-2.1534219,3.0668225,9.145831
1331769617764,-2.089954,3.1906152,9.272617
1331769617765,-2.1552181,3.2546818,9.320817
1331769617765,-2.0863614,3.4081128,9.26648
1331769617777,-2.1877007,3.3747323,9.333241
1331769617810,-2.2567072,3.1482532,9.290131
1331769617897,-2.470762,3.167114,9.436676
1331769617897,-2.563569,3.2465987,9.225466
1331769617999,-2.2873933,3.106041,9.379196
1331769618000,-2.236499,3.2546818,9.204209
1331769618001,-2.2567072,3.2548316,9.345217
1331769618021,-2.2576053,3.1713052,9.254655
1331769618059,-2.3739135,3.2202535,9.25675
1331769618093,-2.3328986,3.151247,9.608668
1331769618129,-2.3793023,3.227738,9.674682
1331769618163,-2.3323,3.1602283,9.832154
1331769618198,-2.3218217,3.1630723,9.6300745
1331769618234,-2.413581,3.1609766,9.486523
1331769618269,-2.4355853,2.9996123,9.669742
1331769618303,-2.4525,3.1307397,9.621692
1331769618339,-2.2460792,3.0870304,9.579779
1331769618374,-2.2227278,3.1392717,9.548045
1331769618508,-2.1969814,3.1120286,9.336085
1331769618513,-2.1746778,2.9521608,9.058413
1331769618515,-2.2243743,3.0256581,9.078172
1331769618637,-2.1802163,3.0502071,8.936716
1331769618638,-2.19279,2.7925928,9.363928
1331769618638,-2.3643334,2.9503646,9.382489
1331769618639,-2.3637345,2.874622,9.671089
1331769618652,-2.271676,2.8770173,9.562864
1331769618688,-2.411186,2.9077034,9.619297
1331769618722,-2.2008734,2.7560687,9.491612
1331769618757,-2.20252,2.820884,9.228459
1331769618792,-2.327959,2.8383975,9.281599
1331769618912,-2.1553679,3.0879285,9.201515
1331769618922,-2.3126907,3.0066476,8.776849
1331769618922,-2.5649161,2.9815,9.100326
1331769618990,-2.03412,3.0201197,9.01186
1331769618991,-2.3888824,2.9409342,9.44955
1331769619003,-2.38993,3.3335679,9.627379
1331769619221,-2.194287,3.2307317,9.785451
1331769619222,-2.4134312,3.278183,9.618848
1331769619233,-2.356849,3.0006602,9.13221
1331769619235,-2.2652395,3.0918205,9.32411
1331769619259,-2.1421952,2.8853998,9.383686
1331769619261,-2.3556514,3.2621663,9.822274
1331769619358,-2.124532,3.0341904,9.911638
1331769619359,-2.2400918,3.05365,9.423204
1331769619360,-2.258204,3.089126,9.620194
1331769619361,-2.2146447,2.9359946,9.381741
1331769619389,-2.2679338,3.0153296,8.827144
1331769619506,-2.2209315,3.0000613,8.656499
1331769619508,-2.2460792,3.2189062,8.305629
1331769619581,-2.5369244,3.0543983,8.817564
1331769619582,-2.0441492,3.0466146,9.156459
1331769619583,-2.1600082,3.4304163,9.52589
1331769619599,-2.3734643,3.309468,9.558373
1331769619636,-2.331851,3.637885,9.443413
1331769619671,-2.4297473,3.2169602,9.505533
1331769619706,-2.384242,3.5757642,9.620943
1331769619741,-2.2881417,3.4858012,9.574241
1331769619776,-2.5484505,3.4111066,9.6863575
1331769619812,-2.3656805,3.5615437,9.724527
1331769619846,-2.2592518,3.3632061,9.53083
1331769619885,-2.3685246,3.4082625,9.303004
1331769619917,-1.9736458,3.4986744,9.404793
1331769619952,-2.14474,3.3693435,8.9585705
1331769619986,-2.3489153,3.3477883,9.009016
1331769620021,-2.2960753,3.3732352,9.200617
1331769620056,-2.461631,3.5679803,9.146729
1331769620092,-2.1896467,3.3182995,9.153316
1331769620127,-2.2635927,3.3650024,8.92998
1331769620162,-2.3162832,3.4910402,9.216784
1331769620354,-2.7421477,3.0841863,9.62708
1331769620355,-2.2359004,3.2192056,9.704769
1331769620361,-2.526147,3.5151403,9.444759
1331769620362,-2.3282583,3.4805622,9.310938
1331769620368,-2.0142114,3.384013,9.797875
1331769620454,-2.2239254,3.2593222,9.726025
1331769620455,-2.2764661,3.507057,10.418934
1331769620548,-2.3472688,3.2274384,10.118209
1331769620562,-2.5436604,3.4275723,9.962383
1331769620564,-2.6235943,3.1037955,9.432634
1331769620567,-2.4975562,3.4179924,9.057964
1331769620708,-2.652035,3.118615,8.706494
1331769620708,-2.335144,3.1702573,8.735834
1331769620709,-2.294279,3.585943,9.837692
1331769620710,-2.4075935,3.2368689,10.290051
1331769620722,-2.306703,3.7377274,9.4976
1331769620758,-2.9243188,3.1946566,10.649304
1331769620792,-2.6051824,3.102149,8.913664
1331769620828,-2.676584,3.682043,10.2458935
1331769620863,-2.1983285,3.4215848,9.9275055
1331769620898,-2.193838,3.4036222,8.994795
1331769620933,-2.1902454,3.2552805,9.919422
1331769620968,-2.600542,3.2385154,8.209678
1331769621004,-2.0594175,3.2588732,9.53607
1331769621038,-2.1433928,3.345543,8.787477
1331769621073,-2.288591,3.6356397,9.678723
1331769621108,-2.1656964,3.3301249,9.897119
1331769621144,-2.5327332,3.3355138,9.676927
1331769621178,-3.101251,3.2410603,10.317295
1331769621214,-2.515968,2.90935,9.070538
1331769621267,-2.8027716,3.2434552,10.197844
1331769621284,-2.9466224,3.1006522,9.681118
1331769621326,-2.353406,2.9629385,8.7517
1331769621355,-2.6138644,3.315755,9.46871
1331769621390,-2.4291487,2.9283605,8.953331
1331769621424,-1.9410137,3.4036222,8.991202
1331769621665,-2.226021,3.0798454,9.232651
1331769621668,-2.255809,3.3090189,9.127719
1331769621683,-2.0356169,3.3347654,9.012609
1331769621684,-2.4195685,3.0448182,9.257948
1331769621742,-2.3306534,3.3629067,9.383537
1331769621742,-2.1534219,3.2588732,9.638756
1331769621748,-2.549648,3.2500415,9.621542
1331769621749,-2.2474265,3.351231,9.635912
1331769621750,-2.4114852,3.2292347,9.445807
1331769621810,-2.325115,3.3861086,9.537716
1331769621810,-2.3653812,3.1737003,8.936566
1331769621843,-2.1791685,3.0316458,9.162746
1331769621880,-1.9580781,3.2620165,9.323512
1331769621915,-2.2600002,3.2165112,9.489067
1331769621950,-2.258803,3.359913,9.536669
1331769621985,-2.152374,3.2457006,9.701626
1331769622026,-2.3516097,3.3165033,9.578431
1331769622053,-2.1426444,3.3784745,9.816137
1331769622100,-2.4730074,3.2165112,9.299711
1331769622126,-2.6104217,3.1117291,9.306896
1331769622160,-2.1505778,3.2299833,9.14164
1331769622195,-2.4562423,3.0514045,9.052725
1331769622231,-2.1926403,3.17385,9.080118
1331769622266,-2.246229,3.08239,9.5455
1331769622309,-2.1712348,3.2000456,9.477391
1331769622336,-2.3345454,3.165617,9.269025
1331769622381,-2.3502626,3.1659164,8.980724
1331769622405,-2.0094213,3.422932,9.800869
1331769622441,-2.177971,3.0844858,9.173374
1331769622558,-2.3062541,3.1096334,9.328152
1331769622561,-2.2547612,3.1204112,9.288485
1331769622563,-2.3433769,3.1925611,9.491313
1331769622633,-2.423161,3.094964,9.020392
1331769622634,-2.2998176,3.253185,9.419013
1331769622649,-2.5586293,3.2352223,9.514365
1331769622687,-2.3514602,3.1368768,9.3541975
1331769622721,-2.1417463,3.2534842,9.486223
1331769622756,-2.2897882,3.094066,9.652678
1331769622791,-2.4037015,3.1061907,9.327553
1331769622975,-2.4282503,2.9394374,9.121283
1331769622975,-2.2546115,2.9807515,9.143586
1331769622976,-2.0871098,3.2130685,9.378148
1331769622982,-2.0794756,2.9933252,9.108708
1331769622984,-2.2698798,2.9701235,9.363778
1331769623045,-2.1044738,3.1252012,9.472752
1331769623045,-2.2829027,2.9551547,9.334888
1331769623071,-2.3715184,3.0379326,9.645193
1331769623106,-2.3340962,2.8801606,9.0816145
1331769623142,-2.2832022,2.8975246,9.404044
1331769623177,-2.0553758,2.8187883,9.276958
1331769623212,-2.257755,2.9955707,9.136849
1331769623247,-2.3104453,2.8605514,9.54535
1331769623283,-2.1594095,2.8288174,9.03087
1331769623317,-2.1302202,2.9786558,9.479787
1331769623353,-2.0386107,2.6884093,9.18939
1331769623387,-2.051035,2.6363177,9.442514
1331769623422,-1.9978954,2.6939478,9.313782
1331769623459,-1.7399817,2.5340803,9.773176
1331769623576,-1.8904189,2.7457402,9.445658
1331769623578,-2.2179377,2.7265801,9.698482
1331769623581,-2.2056632,3.1139746,9.87272
1331769623663,-2.1758752,2.8268714,9.255254
1331769623664,-2.1007316,2.956502,9.421857
1331769623666,-2.1457877,3.0412257,9.4253
1331769623701,-1.9148182,2.82762,9.517209
1331769623738,-1.8877244,2.8235784,9.051377
1331769623773,-2.1661456,2.8008256,9.908495
1331769623808,-1.9305354,2.6960435,9.20855
1331769623843,-1.8747015,2.8412416,9.525292
1331769623878,-2.177971,2.9705727,9.739945
1331769623974,-1.9094293,2.783761,9.472302
1331769623975,-2.1222868,2.8479776,9.655521
1331769624038,-2.287543,2.7869046,9.561816
1331769624039,-2.0478914,2.6735902,9.450598
1331769624110,-1.8832338,2.6676028,9.298513
1331769624111,-2.0383112,2.6354196,9.458382
1331769624175,-1.7577946,2.6940975,9.333691
1331769624176,-1.9809805,2.7803183,9.996812
1331769624191,-2.267784,2.5236022,9.335187
1331769624229,-2.0517833,2.8404932,9.621093
1331769624264,-2.0559745,2.6167085,9.965976
1331769624299,-2.105372,2.8627968,9.523196
1331769624334,-1.9088305,2.8231292,9.789642
1331769624369,-1.9070343,2.7075696,9.413176
1331769624404,-1.95239,2.9356952,9.598041
1331769624439,-1.9251466,2.6119184,9.538614
1331769624474,-2.2302122,2.6937983,9.245224
1331769624613,-1.9281404,2.910248,9.604776
1331769624615,-2.1194427,2.5724006,9.730216
1331769624617,-1.7902771,2.8984227,9.827663
1331769624686,-1.9098784,2.6373656,9.726174
1331769624687,-2.133214,2.7809172,9.606274
1331769624688,-2.1056712,2.7536738,9.490714
1331769624719,-2.0540285,2.7316694,9.709259
1331769624755,-1.9734961,2.7569668,9.835447
1331769624789,-1.8089882,2.7702892,9.55059
1331769624825,-1.9853215,2.9294083,9.693692
1331769624859,-1.9937041,2.9220736,9.776918
1331769624894,-2.0089724,2.5230033,9.368568
1331769624929,-1.848955,2.754572,9.459728
1331769624964,-1.9851718,2.7454407,9.661059
1331769625000,-2.0083735,2.9344976,9.78575
1331769625035,-1.7856368,2.7869046,9.681268
1331769625070,-2.084116,2.7210417,9.581875
1331769625106,-2.0938458,2.670746,9.513467
1331769625140,-1.9962487,2.6580226,9.606423
1331769625175,-1.8453625,2.740651,9.442964
1331769625352,-1.8459613,2.7018814,9.710157
1331769625353,-2.068848,2.6620643,9.49236
1331769625360,-2.1871018,2.6863139,9.498498
1331769625361,-2.066303,2.73616,9.855804
1331769625367,-2.2094054,2.7187963,9.670939
1331769625511,-2.0453467,2.710264,9.633218
1331769625513,-2.0778291,2.529889,9.530681
1331769625531,-2.3224206,2.6819727,9.434581
1331769625533,-1.9654129,2.7234366,9.803114
1331769625608,-2.1035757,2.3333478,9.537117
1331769625609,-1.8612295,2.484234,9.452394
1331769625610,-2.0407064,2.6701474,9.748478
1331769625630,-2.1685405,2.5777895,9.505833
1331769625667,-2.0353174,2.5230033,9.507628
1331769625701,-2.082769,2.3989115,9.5070305
1331769625736,-2.1838088,2.4493566,9.385333
1331769625772,-1.8336868,2.4999514,9.341475
1331769625807,-1.984124,2.4580386,9.593849
1331769625842,-1.8494041,2.531835,9.62693
1331769625876,-2.2156925,2.5379722,9.87736
1331769625911,-2.0441492,2.4709117,9.619895
1331769625947,-2.1287234,2.388583,9.698032
1331769625982,-2.0437002,2.4860303,9.381441
1331769626017,-1.926943,2.457739,9.72797
1331769626053,-2.0450473,2.4447162,9.327254
1331769626169,-2.0794756,2.3237677,9.350156
1331769626169,-2.0327728,2.4739056,9.58891
1331769626254,-2.120191,2.5956025,9.682765
1331769626255,-2.1838088,2.5152197,9.739646
1331769626256,-2.0616627,2.3637345,9.570498
1331769626263,-1.9633173,2.6426046,9.936038
1331769626297,-2.098636,2.451003,9.576935
1331769626332,-2.0606148,2.4128325,9.67049
1331769626368,-2.061513,2.50534,9.621542
1331769626411,-2.0501368,2.4984543,9.798774
1331769626589,-2.0585194,2.577041,9.685908
1331769626591,-2.0748353,2.5741968,9.71854
1331769626687,-2.059118,2.2731729,9.500144
1331769626688,-1.9423609,2.5613236,9.58412
1331769626689,-2.1586611,2.3845413,9.577085
1331769626697,-2.0549269,2.413132,9.552236
1331769626698,-2.0640578,2.5676107,9.668394
1331769626706,-2.1718338,2.5307872,9.780511
1331769626794,-2.0796254,2.3068528,9.265582
1331769626796,-2.1607566,2.4962091,9.485924
1331769626797,-2.2873933,2.604434,9.689651
1331769626824,-2.1796174,2.5851243,9.670341
1331769626859,-1.9690055,2.4685166,9.489666
1331769626893,-2.2559588,2.578538,9.721384
1331769626929,-2.2161415,2.5194108,9.83904
1331769626964,-2.1508772,2.5240512,9.741293
1331769626998,-2.2939796,2.5117767,9.677675
1331769627034,-2.006727,2.4611819,9.56481
1331769627069,-2.2194347,2.5625212,9.674532
1331769627105,-2.2719755,2.547253,9.674382
1331769627139,-2.1029768,2.5731492,9.813593
1331769627176,-2.138004,2.381398,9.328751
1331769627209,-2.1992266,2.4566913,9.846973
1331769627244,-2.1176462,2.3969655,9.455537
1331769627279,-1.954785,2.5662634,9.400452
1331769627315,-2.0902534,2.5252488,9.732461
1331769627349,-2.1157005,2.5225544,9.71345
1331769627386,-2.049987,2.475552,9.572294
1331769627507,-2.2249732,2.5752447,9.845476
1331769627522,-1.9808308,2.5517435,9.667497
1331769627524,-2.121239,2.6042843,9.785002
1331769627597,-2.3734643,2.373614,9.75746
1331769627598,-2.3049068,2.3781047,9.253457
1331769627607,-2.4176226,2.5575814,10.012978
1331769627630,-2.2065613,2.2845492,9.452543
1331769627666,-2.3849905,2.756518,9.905052
1331769627700,-2.0200493,2.3541546,9.054521
1331769627735,-2.170187,2.5372238,9.967323
1331769627769,-2.1159997,2.4080424,9.382639
1331769627955,-2.182761,2.3257136,9.736652
1331769627956,-2.0026853,2.366429,9.498947
1331769627957,-2.222129,2.6664052,9.325158
1331769627962,-2.1766236,2.395319,9.547297
1331769627963,-2.1791685,2.4622297,9.633068
1331769628021,-2.04849,2.6792784,10.046208
1331769628022,-2.055226,2.3848407,9.974209
1331769628051,-2.114503,2.5366251,10.043664
1331769628087,-2.1850061,2.3993604,9.562415
1331769628121,-2.1168978,2.4363337,9.298813
1331769628155,-1.9839743,2.4782465,9.562265
1331769628190,-2.131717,2.3873854,9.434132
1331769628244,-2.252965,2.597698,9.995464
1331769628261,-2.1353097,2.5598269,9.84368
1331769628301,-2.088008,2.4644752,9.656719
1331769628333,-2.1092637,2.4584875,9.544901
1331769628366,-2.1417463,2.4513025,9.7972765
1331769628401,-2.3369403,2.3776557,9.5737915
1331769628538,-1.9633173,2.6461973,9.617351
1331769628540,-2.3873854,2.404899,9.296718
1331769628543,-2.3754103,2.490521,9.876462
1331769628599,-2.1791685,2.3797512,9.762848
1331769628600,-2.1210892,2.496658,9.546548
1331769628610,-2.2689817,2.5414152,9.727222
1331769628646,-1.9513421,2.3680756,9.326655
1331769628681,-2.2179377,2.450105,9.595796
1331769628716,-2.1633015,2.563569,9.635912
1331769628752,-2.079775,2.5664132,9.544601
1331769628787,-2.1731808,2.5171654,9.417965
1331769628828,-1.9601738,2.6211991,9.939181
1331769628857,-2.159709,2.427951,9.608219
1331769628893,-2.1498294,2.4396267,9.499097
1331769628927,-2.0428019,2.5406666,9.683662
1331769629121,-2.312092,2.417323,9.510174
1331769629126,-2.0727396,2.4102879,9.249116
1331769629128,-2.0818708,2.5382717,9.710157
1331769629223,-2.167343,2.4022045,9.549092
1331769629224,-2.2890399,2.5906627,9.682316
1331769629229,-1.7703685,2.561174,9.295071
1331769629230,-2.1751268,2.4650738,9.878258
1331769629230,-2.2035677,2.565964,9.663156
1331769629290,-2.0920496,2.483785,9.696536
1331769629291,-2.1411474,2.5839267,9.384584
1331769629311,-2.1643493,2.5243506,9.839938
1331769629347,-2.1420455,2.6066794,9.467063
1331769629383,-2.114503,2.4653733,9.41557
1331769629417,-2.0698957,2.4427702,9.629476
1331769629550,-2.1071682,2.4879763,9.661509
1331769629553,-2.0981867,2.4644752,9.630972
1331769629555,-2.0004401,2.4929159,9.705368
1331769629623,-2.1055214,2.392475,9.435629
1331769629624,-2.204765,2.4722588,9.558373
1331769629626,-2.144291,2.4352858,9.525143
1331769629663,-2.1318667,2.5141718,9.643247
1331769629698,-2.0366647,2.4619303,9.428294
1331769629733,-2.0932472,2.4456143,9.601933
1331769629768,-2.1170475,2.5667124,9.571845
1331769629804,-2.1676424,2.278412,9.522747
1331769629838,-1.916315,2.6863139,9.701177
1331769629873,-2.0886068,2.3984623,9.797426
1331769629908,-2.268832,2.6560767,9.7095585
1331769629944,-2.1122575,2.3062541,9.523496
1331769629978,-1.9344274,2.417323,9.547746
1331769630013,-2.048041,2.403402,9.545799
1331769630049,-1.7923727,2.342928,9.394913
1331769630085,-2.1004322,2.6602678,9.758806
1331769630120,-1.9083815,2.364034,9.570498
1331769630154,-2.0290306,2.5899143,9.840836
1331769630189,-2.138453,2.5153692,9.693393
1331769630224,-2.1393511,2.2821543,9.629026
1331769630259,-2.228416,2.5610244,9.67992
1331769630368,-2.2388942,2.2990692,9.038055
1331769630369,-1.9639161,2.6415567,9.543405
1331769630375,-1.9655626,2.380799,9.369915
1331769630451,-2.3751109,2.4004083,9.863588
1331769630452,-2.042353,2.4119344,9.539962
1331769630544,-2.0648062,2.3239174,9.36258
1331769630545,-2.0354671,2.5230033,9.809851
1331769630607,-1.9080821,2.5445585,9.871522
1331769630607,-1.919159,2.2852976,9.959988
1331769630608,-1.9011965,2.4230113,9.596694
1331769630644,-2.0155587,2.3020627,9.410031
1331769630679,-1.9478993,2.3917265,9.758806
1331769630714,-1.968706,2.3070025,9.453442
1331769630749,-2.2302122,2.3821464,9.8582
1331769630784,-2.0366647,2.3719676,9.694889
1331769630820,-2.103875,2.4421716,10.066267
1331769630855,-1.9633173,2.35625,9.773176
1331769630891,-1.9628682,2.25536,9.51646
1331769630925,-1.9278411,2.228416,9.263337
1331769630961,-2.0121157,2.1670437,9.164692
1331769630996,-1.8610798,2.5689578,9.75716
1331769631030,-2.0977378,2.2570066,10.0266
1331769631065,-2.0233424,2.3108945,9.820329
1331769631163,-1.9401155,2.3363416,10.031389
1331769631164,-2.0806732,2.233655,9.431587
1331769631169,-2.1441412,2.2752686,9.59834
1331769631204,-2.1463866,2.305805,8.971893
1331769631241,-2.2812562,2.1368065,10.019714
1331769631276,-2.064956,2.217788,9.989028
1331769631310,-1.9305354,2.3867867,10.175989
1331769631346,-2.0088227,2.384242,10.082434
1331769631382,-1.627266,2.5650659,10.102043
1331769631417,-1.8992505,2.154919,8.638985
1331769631451,-1.4109659,1.6937279,8.231981
1331769631662,-2.311643,1.9919078,12.100836
1331769631675,-2.5791366,3.1515462,11.784544
1331769631677,-1.781146,2.0061283,10.171199
1331769631743,-2.8635452,2.653532,11.621682
1331769631744,-2.3029609,1.9992425,10.139914
1331769631749,-2.2171893,2.227368,10.179432
1331769631750,-1.6594491,1.6578026,6.849756
1331769631750,-0.95905566,3.0705647,9.690249
1331769631812,-1.7797989,2.1715343,11.403137
1331769631813,-2.811753,2.7505302,9.456735
1331769631836,-1.3668077,2.1912932,10.1189575
1331769631872,-2.1935384,2.230811,8.816965
1331769631906,-2.2790108,2.5152197,9.628877
1331769631944,-2.0576212,1.8500029,9.07937
1331769632053,-1.8628762,2.4028034,8.432415
1331769632054,-1.6944764,2.2589524,9.265283
1331769632227,-1.4129119,2.2112017,8.604557
1331769632229,-1.6612455,2.2704785,9.077273
1331769632232,-1.7094452,2.335144,9.6035795
1331769632234,-1.5958314,2.3357427,9.30989
1331769632236,-1.6819024,2.259102,9.577683
1331769632238,-1.8041981,2.4149282,9.474847
1331769632257,-1.775907,2.3824456,9.8341
1331769632293,-1.7955163,2.3574476,9.453292
1331769632328,-1.7558486,2.2484744,9.74728
1331769632362,-2.033671,2.5246499,10.1189575
1331769632401,-1.8320403,2.3221211,9.380992
1331769632433,-1.9260448,2.413581,10.050699
1331769632468,-1.88503,2.2550607,9.784253
1331769632574,-1.6687299,2.3858886,9.577384
1331769632577,-1.8284477,2.341431,9.98304
1331769632707,-1.7856368,2.2487736,9.245973
1331769632711,-1.8519489,2.446812,10.048454
1331769632714,-1.9088305,2.3228695,9.914333
1331769632716,-2.157164,2.535727,10.210567
1331769632718,-1.7699194,2.2944288,10.243499
1331769632755,-2.319277,2.3703208,9.6565695
1331769632783,-2.009122,2.2662873,9.901609
1331769632830,-1.7700691,2.3466702,9.701027
1331769632931,-1.9820284,2.3978636,9.616602
1331769632933,-1.8943107,2.1396506,9.601184
1331769632948,-1.9643651,2.5014482,9.849069
1331769633070,-1.8115329,2.2978716,9.30959
1331769633071,-2.1285737,2.403402,9.673634
1331769633075,-1.7471668,2.31314,9.67977
1331769633077,-1.8794916,2.403402,9.701027
1331769633099,-2.1104612,2.362986,9.750125
1331769633134,-1.9803817,2.3137386,9.660312
1331769633169,-2.1234841,2.2704785,9.541159
1331769633204,-1.8353333,2.3391857,9.483978
1331769633240,-2.0230432,2.3995101,9.663156
1331769633274,-1.7308507,2.329007,9.641151
1331769633309,-1.9266435,2.5078847,9.57903
1331769633345,-1.8329384,2.4032524,9.566008
1331769633379,-1.925446,2.3586452,9.56481
1331769633415,-1.9291883,2.3680756,9.652378
1331769633450,-1.9014958,2.4566913,9.504036
1331769633591,-1.7997075,2.5851243,9.844877
1331769633593,-1.9727477,2.212549,9.6657
1331769633596,-2.022145,2.2171893,9.565109
1331769633712,-1.9562819,2.307751,9.419612
1331769633713,-2.1335135,2.2817051,9.46347
1331769633713,-1.8477576,2.2570066,9.554631
1331769633714,-1.7712666,2.26494,9.712403
1331769633728,-2.1520748,2.2309606,9.648636
1331769633765,-1.9934047,2.2920337,9.747729
1331769633800,-2.079326,2.2725742,9.727522
1331769633836,-2.0727396,2.2282662,9.520652
1331769633871,-1.5611037,2.428999,9.7393465
1331769633905,-2.1465364,2.4155269,9.734857
1331769633940,-1.8022522,2.5129743,9.667197
1331769634131,-1.7432748,2.3071523,9.536968
1331769634196,-1.936972,2.2710772,9.641002
1331769634198,-1.5708334,2.4692652,9.96852
1331769634212,-1.7856368,2.343826,9.684112
1331769634235,-1.9619701,2.2679338,9.633817
1331769634377,-1.7516574,2.2713766,9.785451
1331769634383,-1.9947519,2.157763,9.546548
1331769634384,-1.8408719,2.4182212,9.826615
1331769634385,-1.7411792,2.3978636,9.792037
1331769634385,-2.059118,2.2573059,9.774673
1331769634386,-2.045646,2.276915,9.689351
1331769634387,-2.2004242,2.3206244,9.753268
1331769634562,-2.0553758,2.3802004,9.462572
1331769634563,-1.8390756,2.4228616,9.607621
1331769634564,-1.8999989,2.2897882,9.429641
1331769634565,-1.825903,2.475552,9.42485
1331769634565,-2.0945942,2.4942632,9.760603
1331769634626,-1.8796413,2.2350023,9.392069
1331769634627,-2.1357586,2.436184,10.066417
1331769634640,-2.022145,2.3381379,9.665101
1331769634676,-1.99565,2.1159997,9.594598
1331769634711,-1.984124,2.294728,9.506282
1331769634747,-2.1745281,2.1850061,9.322165
1331769634782,-1.9842737,2.4694147,9.777667
1331769634816,-1.9344274,2.4028034,9.541308
1331769634851,-2.0790267,2.2903872,9.593999
1331769634887,-2.1098626,2.3267615,9.712254
1331769634923,-2.164948,2.2315595,9.513916
1331769634957,-2.2031186,2.280358,9.667497
1331769634992,-2.0963905,2.4267535,9.6002865
1331769635028,-2.1890478,2.1950355,9.563164
1331769635063,-2.0004401,2.4602838,9.695937
1331769635097,-2.102827,2.161056,9.577085
1331769635133,-2.098636,2.2854474,9.690997
1331769635168,-2.0414548,2.5230033,9.92077
1331769635204,-2.0112176,2.295776,9.4369755
1331769635239,-2.0549269,2.4225624,9.6460905
1331769635273,-2.015858,2.3487656,9.64175
1331769635308,-2.044299,2.277963,9.590257
1331769635343,-1.8736538,2.391876,9.498348
1331769635542,-1.8082397,2.3634353,9.801917
1331769635544,-1.8871257,2.3219714,9.686657
1331769635546,-1.9622694,2.3547533,9.26693
1331769635565,-1.9514918,2.3366408,9.761052
1331769635565,-2.367926,2.353406,9.769284
1331769635624,-1.9722986,2.2281165,9.513467
1331769635625,-2.0883074,2.2824535,9.713001
1331769635626,-2.0917501,2.386637,9.620644
1331769635656,-1.9199076,2.2162912,9.445209
1331769635693,-2.1956341,2.3179297,9.5175085
1331769635728,-2.0179536,2.3507116,9.38713
1331769635763,-1.9487975,2.2281165,9.633068
1331769635798,-2.0823197,2.3149362,9.575288
1331769635833,-2.0568726,2.3158343,9.683662
1331769635868,-2.103426,2.2496717,9.556277
1331769635903,-2.1130059,2.3939717,9.340576
1331769635938,-2.049538,2.2637424,9.248069
1331769635973,-2.0151095,2.2891896,9.599688
1331769636008,-2.0050805,2.4276516,9.547895
1331769636044,-2.1727319,2.1287234,9.44461
1331769636078,-2.1953347,2.3611898,9.600884
1331769636114,-2.0100203,2.3222709,9.727821
1331769636149,-2.27946,2.1838088,9.474697
1331769636185,-2.218686,2.2622457,9.69429
1331769636220,-2.1219873,2.1631517,9.561367
1331769636255,-2.1242325,2.4932153,9.801618
1331769636289,-1.9969972,2.3306534,9.323811
1331769636342,-2.0454965,2.2339544,9.635463
1331769636360,-2.0799248,2.2324576,9.886042
1331769636492,-2.0414548,2.325564,9.596395
1331769636494,-2.1722827,2.3580465,10.008338
1331769636496,-2.0007393,2.3851402,9.66555
1331769636567,-2.0157082,2.3119423,9.822274
1331769636580,-1.932631,2.3475683,9.748628
1331769636581,-1.9010468,2.2647903,9.4981985
1331769636605,-2.1754262,2.3049068,9.72348
1331769636728,-1.9700532,2.2902374,9.855804
1331769636729,-2.0239413,2.3517594,9.636511
1331769636730,-2.0390596,2.2782624,9.754765
1331769636799,-2.12543,2.5004003,9.782757
1331769636799,-2.1492307,2.03412,9.818831
1331769636814,-2.009122,2.5450077,9.866732
1331769636851,-2.0561242,2.3950195,9.695039
1331769636886,-2.1830604,2.2414389,9.376501
1331769636921,-2.1550684,2.283651,9.701924
1331769636955,-2.1103115,2.0863614,9.466165
1331769637050,-2.064357,2.357747,9.678574
1331769637051,-2.2345533,2.453997,9.827364
1331769637058,-2.18321,2.1945863,9.681268
1331769637096,-2.188898,2.3851402,9.724827
1331769637130,-2.4237597,2.1785696,9.585318
1331769637166,-1.9854712,2.1725821,9.343121
1331769637201,-1.7679734,2.2242248,9.371712
1331769637236,-2.002386,2.0535796,9.724079
1331769637271,-1.8271005,2.19279,9.533674
1331769637306,-1.8594333,2.217788,9.686208
1331769637342,-2.115401,2.2501209,9.702224
1331769637377,-2.110611,2.1773722,9.678424
1331769637498,-2.1454885,2.4297473,9.618998
1331769637501,-1.9351758,2.2113514,9.967174
1331769637503,-1.9428099,2.219734,10.146201
1331769637569,-1.7661772,2.3001168,9.528885
1331769637570,-1.8697618,2.3177803,9.704769
1331769637585,-2.1133053,2.0598664,9.026679
1331769637622,-1.9455043,2.2345533,9.952503
1331769637656,-1.9323317,1.986519,10.04097
1331769637692,-2.3325994,2.2682333,10.030941
1331769637726,-2.174079,2.219734,10.30996
1331769637762,-1.8366807,2.3282583,10.081835
1331769637796,-2.367926,2.2444327,9.84368
1331769637832,-1.871109,2.033671,9.31468
1331769637870,-2.1709356,2.2140458,10.017618
1331769638045,-2.1411474,1.9329305,9.575288
1331769638046,-1.8223104,2.4670198,9.913136
1331769638050,-2.0085232,2.2215302,9.939481
1331769638051,-2.3502626,2.4008574,9.919272
1331769638126,-2.064956,2.1179457,9.879755
1331769638128,-2.184108,2.103426,9.653874
1331769638129,-2.0460951,2.2719755,9.435629
1331769638165,-2.069746,2.2646406,9.940828
1331769638183,-1.9553838,2.2540128,9.549991
1331769638219,-2.15432,2.305805,10.006392
1331769638253,-1.9811302,2.1071682,9.8077545
1331769638288,-2.149081,2.276915,9.724977
1331769638323,-1.7223184,2.2326074,9.748927
1331769638358,-1.941313,2.2694306,9.653126
1331769638394,-2.235152,2.1974304,10.349328
1331769638520,-1.9896625,2.2239254,9.773625
1331769638522,-2.0050805,2.2806573,9.461824
1331769638525,-2.0718415,2.239493,9.856703
1331769638667,-1.911525,2.1402493,9.742939
1331769638668,-2.1258793,2.136507,9.676178
1331769638669,-2.0191512,2.066303,9.404493
1331769638681,-2.0969894,2.193838,9.581126
1331769638682,-1.9592757,2.1848567,9.934391
1331769638709,-2.104773,2.1011806,9.605525
1331769638743,-2.0924985,2.2396426,9.919422
1331769638778,-2.289938,2.2516177,9.651779
1331769638814,-2.083667,1.9794836,9.443113
1331769638849,-2.0592678,2.038012,9.425899
1331769638884,-1.9471508,2.251019,9.752969
1331769638918,-2.0390596,2.0625608,9.807904
1331769638954,-2.217339,2.0130138,9.884096
1331769638989,-2.041305,2.1339624,9.826466
1331769639024,-2.22168,2.187551,9.880803
1331769639059,-1.8248552,2.02933,9.6179495
1331769639095,-1.961072,2.1306694,10.043215
1331769639129,-2.2662873,2.2739213,9.8585
1331769639165,-1.9781364,2.0517833,9.844278
1331769639359,-2.1339624,2.160607,10.019115
1331769639360,-2.083667,2.0011885,9.909094
1331769639365,-1.8717078,2.1170475,9.777068
1331769639373,-2.101929,1.9335293,9.6179495
1331769639375,-1.791325,2.2406905,9.510024
1331769639445,-2.2007236,2.017355,9.655072
1331769639446,-2.0652552,1.9751427,9.340726
1331769639540,-1.9288888,2.163002,9.91553
1331769639554,-2.330354,2.0892055,9.775422
1331769639557,-2.080224,1.9892135,9.824969
1331769639631,-2.0520828,2.0407064,9.738299
1331769639631,-2.1112096,2.0790267,9.8784075
1331769639632,-1.9050883,2.1641996,9.690399
1331769639654,-2.1664448,2.1094134,9.831555
1331769639691,-1.9556831,2.073638,9.528286
1331769639725,-2.0109184,2.2089565,9.91583
1331769639761,-2.1742287,1.9287392,9.613159
1331769639795,-2.102827,2.287543,9.938582
1331769639831,-1.8964064,2.1595592,9.617201
1331769639865,-1.9728973,1.973047,9.556277
1331769639900,-1.8871257,2.2614973,9.671089
1331769639935,-2.217339,2.04849,9.705218
1331769639970,-2.2526655,2.064956,10.104588
1331769640006,-1.9446062,2.0453467,8.9762335
1331769640040,-1.9556831,2.226021,10.168205
1331769640076,-2.1025279,2.1624033,9.698631
1331769640111,-2.1439915,2.1079166,9.557475
1331769640146,-1.7206719,2.0550764,9.787248
1331769640181,-2.1655467,2.0838168,9.624985
1331769640216,-1.9899619,2.0161574,9.7956295
1331769640252,-2.274969,2.0200493,9.62693
1331769640287,-2.149081,2.2300625,9.743538
1331769640322,-2.0892055,2.0505857,9.566157
1331769640356,-2.1122575,2.206711,9.595646
1331769640392,-1.9781364,2.1383033,9.568402
1331769640426,-2.1655467,2.0342698,9.72827
1331769640637,-2.0402572,2.1198916,9.684112
1331769640639,-2.105821,2.2941294,9.788145
1331769640641,-2.0103195,2.1252804,9.6654005
1331769640760,-1.9462527,2.0796254,9.815538
1331769640769,-1.9863694,2.2097049,10.009834
1331769640806,-1.9266435,2.0439994,9.542955
1331769640829,-2.3104453,2.074985,9.724228
1331769640831,-2.0972886,2.0191512,9.131162
1331769640834,-2.0474424,2.2689817,10.043963
1331769640935,-1.789379,2.131268,9.605525
1331769640937,-1.807192,2.2123992,9.375753
1331769640939,-1.7748592,2.2122495,9.733509
1331769640942,-1.99086,1.8965561,9.63696
1331769640944,-2.1757255,2.0972886,9.685759
1331769640953,-1.9966979,2.0618124,9.736652
1331769640987,-2.0766315,2.0655546,9.686058
1331769641023,-2.3070025,2.2547612,10.030043
1331769641058,-2.249073,2.1444407,9.6372595
1331769641093,-1.8999989,1.8410215,9.535621
1331769641127,-1.9700532,2.2944288,9.346414
1331769641166,-1.943259,2.1089644,9.471704
1331769641198,-2.0742366,2.2643414,10.277179
1331769641233,-2.2608984,1.9643651,9.580378
1331769641268,-2.1659958,2.1851559,9.975406
1331769641303,-2.2031186,2.0401075,9.623338
1331769641338,-1.760489,2.0776794,9.176667
1331769641373,-1.8588345,2.451003,10.09396
1331769641408,-2.3102958,1.8175205,9.567953
1331769641528,-1.9275416,2.3426285,9.9749565
1331769641542,-2.1700373,1.9275416,9.465267
1331769641544,-2.0621119,2.084715,9.394913
1331769641655,-2.1149518,2.3441253,9.962533
1331769641657,-1.9487975,2.1757255,9.62244
1331769641659,-1.9056871,2.4068449,9.599538
1331769641662,-2.0101697,2.2811065,10.175091
1331769641698,-2.152973,2.2113514,9.389974
1331769641723,-1.8803897,2.425556,9.970766
1331769641758,-2.0680993,2.0489392,9.53128
1331769641906,-2.0261865,2.188898,9.688752
1331769641908,-2.3391857,2.1267774,9.724228
1331769641923,-2.3325994,1.9606229,9.785601
1331769641925,-1.8510507,2.264491,9.693093
1331769642015,-1.8835331,2.3122416,9.848919
1331769642016,-1.7742604,2.0770807,9.469907
1331769642017,-1.9387683,2.5999434,10.467882
1331769642038,-2.2483246,2.2544618,9.864187
1331769642075,-2.38035,2.1574636,9.750573
1331769642109,-2.0938458,2.1580622,8.899593
1331769642144,-2.2113514,2.303859,9.760753
1331769642180,-1.9733464,2.2123992,9.672885
1331769642214,-2.1243823,2.2276676,9.490864
1331769642249,-2.0017872,2.047592,9.760154
1331769642285,-2.1071682,2.4608827,9.634116
1331769642320,-2.018702,2.321223,9.826765
1331769642377,-2.1327648,2.165397,9.689651
1331769642390,-1.8919158,2.0573218,9.407487
1331769642425,-2.2546115,2.158212,9.414073
1331769642561,-2.000889,2.154919,9.713301
1331769642564,-2.3150856,2.301015,9.673484
1331769642565,-2.17363,2.1618044,9.702224
1331769642633,-2.233655,2.4472609,9.80042
1331769642634,-2.3314018,2.1511767,9.82452
1331769642634,-2.3227198,2.0842657,9.578731
1331769642671,-2.0592678,2.2724245,9.705517
1331769642706,-2.0811224,2.2040167,9.445059
1331769642740,-2.0474424,2.3463707,9.567803
1331769642776,-2.39472,2.3722668,9.767938
1331769642811,-2.2043161,2.1790187,9.416618
1331769642846,-2.2978716,2.0977378,9.566008
1331769642881,-2.2267694,2.3108945,9.4226055
1331769642990,-1.8178198,2.1679418,9.275162
1331769642991,-1.9139199,2.4825873,9.433832
1331769642992,-2.0541782,2.1083655,9.2730665
1331769643143,-1.9435583,2.3288572,9.801168
1331769643149,-2.0857627,2.1516256,9.457783
1331769643149,-2.0282822,2.2483246,9.346264
1331769643150,-1.695075,2.3224206,9.686657
1331769643209,-1.9357746,2.2306614,9.378298
1331769643210,-2.0664527,2.304757,10.068961
1331769643231,-2.4550447,2.5456064,10.09366
1331769643266,-2.1700373,1.9594253,9.152267
1331769643302,-2.2573059,2.3578968,9.826466
1331769643338,-2.0773802,2.2992187,9.501192
1331769643371,-2.012864,2.2171893,9.500593
1331769643408,-1.8404229,2.26973,9.55553
1331769643442,-1.9722986,1.9019449,9.156758
1331769643574,-1.6711249,2.4108865,9.915231
1331769643576,-2.1353097,2.1951852,9.590406
1331769643581,-1.9317329,2.3004162,9.661359
1331769643657,-1.8309925,2.2887406,10.111623
1331769643657,-2.2757177,2.3772066,9.873319
1331769643658,-2.052981,2.0405567,9.64624
1331769643685,-2.1372557,2.2400918,9.56451
1331769643722,-2.0766315,2.2378464,9.662706
1331769643757,-2.3041584,2.270778,9.776171
1331769643904,-2.053879,2.3602917,10.1068325
1331769643904,-1.7923727,2.0871098,10.249785
1331769643905,-2.4554937,2.6391618,10.094857
1331769643961,-2.1920416,2.1809647,9.389524
1331769643962,-2.2436843,2.3698719,9.755663
1331769643966,-2.461631,2.3037095,10.091714
1331769644002,-2.2930815,2.1246817,9.55044
1331769644038,-2.1874013,2.4691155,9.82901
1331769644073,-1.7792001,2.1227357,9.530381
1331769644108,-1.6742684,2.4571404,9.745784
1331769644155,-1.5337106,2.1594095,9.7498255
1331769644178,-2.1797671,2.2929318,9.332044
1331769644301,-2.0468435,2.1031265,10.009685
1331769644464,-2.1213884,2.306703,8.874596
1331769644471,-1.8512005,2.2353017,9.951306
1331769644472,-2.0251386,2.2299128,10.024803
1331769644491,-2.066303,2.656825,9.808803
1331769644494,-2.0689974,2.1915925,9.590556
1331769644505,-2.2188358,2.2522166,9.981693
1331769644506,-2.1107607,2.0353174,9.194929
1331769644710,-2.267335,2.354903,10.197095
1331769644713,-2.1071682,2.0892055,9.76644
1331769644715,-2.2376966,2.187551,10.138118
1331769644717,-2.2056632,2.5330324,10.496173
1331769644731,-2.4038513,2.194287,9.717792
1331769644734,-1.9658619,2.232308,9.25256
1331769644738,-2.0478914,2.3824456,9.934241
1331769644829,-2.038012,2.1402493,9.498947
1331769644833,-1.8217118,2.364932,9.633068
1331769644836,-1.9818786,2.1695883,9.66076
1331769644844,-1.9324814,2.1501288,9.452843
1331769644880,-1.7663269,2.2655387,9.509126
1331769644915,-2.1589603,2.2902374,9.9484625
1331769644949,-1.9053878,1.9245479,9.2995615
1331769644985,-2.039359,2.2204826,9.6163025
1331769645020,-1.9693048,2.1487815,9.7144985
1331769645054,-1.9158659,2.3715184,9.513018
1331769645090,-1.8107845,2.4295976,10.014475
1331769645125,-2.109563,2.2728736,9.6654005
1331769645159,-2.1179457,2.2959256,9.691446
1331769645195,-2.4533982,2.2171893,9.894275
1331769645229,-2.4890242,2.174079,9.992022
1331769645265,-2.1785696,2.3873854,9.946366
1331769645300,-2.2269192,2.3748116,10.103989
1331769645335,-2.2719755,2.409689,10.017319
1331769645381,-2.201921,2.3243666,9.710457
1331769645406,-2.0642076,2.1683908,9.663156
1331769645538,-1.9200572,2.3968158,9.333391
1331769645539,-1.8311421,2.2171893,9.46886
1331769645617,-2.0477417,2.338437,9.73815
1331769645642,-2.0311263,2.3031106,9.526938
1331769645645,-2.1395009,2.0227437,9.124276
1331769645647,-2.0059786,2.3643334,9.352551
1331769645736,-1.9023939,2.2258713,9.490265
1331769645737,-1.9323317,2.2987697,9.46871
1331769645737,-1.7956659,2.3159838,9.271869
1331769645753,-2.0282822,2.3019133,9.6830635
1331769645791,-2.0260367,2.2121,9.439521
1331769645825,-1.8251545,2.2032683,9.453142
1331769645860,-1.9693048,2.1793182,9.389524
1331769645895,-1.8434166,2.2790108,9.492809
1331769645930,-1.9011965,2.379901,9.743238
1331769645966,-2.1266277,2.3474185,9.859247
1331769646000,-2.1308188,2.0667522,9.531729
1331769646036,-1.9368224,2.1189935,9.494606
1331769646071,-1.9490968,2.347718,9.572294
1331769646107,-1.9919078,2.2679338,9.932745
1331769646141,-2.0839663,2.4459138,9.884246
1331769646177,-1.9868184,2.082769,9.708811
1331769646211,-2.1830604,2.2722747,9.702823
1331769646247,-2.0263362,2.17842,9.578281
1331769646281,-2.0508852,2.3065536,9.3856325
1331769646316,-1.875001,2.3845413,9.8221245
1331769646352,-2.0228934,2.1359084,9.963431
1331769646392,-2.079775,2.4155269,9.767638
1331769646422,-1.9654129,2.319277,10.091714
1331769646457,-1.8600321,2.247127,9.609716
1331769646492,-1.9868184,2.3772066,9.526489
1331769646584,-2.0213964,2.190395,9.67543
1331769646586,-1.997596,2.2870939,9.530082
1331769646700,-2.16884,2.178869,9.507329
1331769646702,-1.9767892,2.2791605,9.783805
1331769646704,-2.0910017,2.2085073,9.645043
1331769646784,-2.0676503,2.4252567,10.097103
1331769646882,-1.9965482,2.2020707,10.030342
1331769646888,-1.9791843,2.2742207,9.944271
1331769646889,-2.0151095,2.13516,9.401799
1331769646890,-1.9544857,2.5551865,10.119107
1331769646891,-2.0619621,2.2412891,9.539513
1331769646961,-2.1061203,2.1838088,9.649833
1331769646962,-2.012565,2.1821623,9.45868
1331769646982,-2.2115011,2.205813,9.571695
1331769647019,-2.0525317,2.3474185,9.440867
1331769647054,-2.0368145,2.366429,9.654324
1331769647090,-1.8806891,2.1939876,9.487571
1331769647124,-2.0032842,2.3171813,9.765991
1331769647158,-2.0865111,2.1070185,9.585018
1331769647193,-2.1891975,2.3321502,9.670939
1331769647229,-1.9627185,2.163002,9.428144
1331769647264,-1.9619701,2.3363416,9.707463
1331769647299,-1.9502944,2.1939876,9.4788885
1331769647335,-2.114503,2.2430854,9.703571
1331769647371,-2.0064275,2.2528152,9.750873
1331769647499,-2.0886068,2.3713686,9.501791
1331769647502,-1.9493963,2.3276596,9.654623
1331769647504,-2.027384,2.2638922,9.672286
1331769647571,-2.1249812,2.2520669,9.710307
1331769647572,-2.0579205,2.22168,9.919422
1331769647577,-2.2044659,2.2989194,9.696686
1331769647613,-2.0487895,2.1174967,9.406139
1331769647649,-2.290836,2.3275099,10.09381
1331769647683,-2.2635927,2.29383,9.399254
1331769647718,-2.1945863,2.1715343,9.785601
1331769647754,-2.12543,2.2020707,9.491912
1331769647789,-2.2842498,2.278412,9.857451
1331769647824,-2.1604574,2.3923252,9.864636
1331769647859,-2.0362158,2.1237836,9.240884
1331769647894,-2.139052,2.3852897,10.05504
1331769647959,-1.9468515,1.9173628,9.760453
1331769647964,-2.3909779,2.184108,10.023755
1331769648011,-1.9826272,2.38993,10.14665
1331769648237,-2.2595513,2.3499632,9.552236
1331769648238,-2.4355853,2.259102,9.579479
1331769648244,-1.9410137,2.3397844,9.735904
1331769648245,-2.208208,2.2974224,9.509575
1331769648246,-2.0082238,2.0140617,8.959918
1331769648247,-1.859134,2.3492148,9.592802
1331769648326,-1.9299366,2.241888,9.962533
1331769648327,-2.1272264,2.287543,9.429341
1331769648328,-2.3751109,2.2956262,9.952503
1331769648349,-2.3516097,2.1164489,9.694141
1331769648392,-2.1580622,2.2948778,9.630672
1331769648508,-2.3848407,2.3059547,10.163565
1331769648510,-2.361639,2.15911,9.54071
1331769648513,-2.219285,2.4336393,9.837543
1331769648580,-2.3261628,2.249073,10.064172
1331769648581,-2.0496876,2.085613,9.567654
1331769648594,-1.8974543,2.3996599,9.905651
1331769648630,-2.0263362,2.411186,9.882898
1331769648666,-2.1363573,2.3098466,9.818233
1331769648700,-1.9887643,2.214495,9.6918955
1331769648736,-2.3430777,1.9966979,9.678424
1331769648770,-1.8995498,2.2285657,9.449999
1331769648964,-2.483785,2.5099804,9.713151
1331769648966,-2.1255798,2.1698878,9.317524
1331769648967,-2.1127067,2.2288651,9.3806925
1331769648971,-2.2815554,2.239044,9.619446
1331769649058,-1.9531385,2.11585,9.37725
1331769649068,-2.0127146,2.3248155,9.623039
1331769649068,-1.8721569,2.1977298,9.836346
1331769649069,-1.9086809,2.4013064,9.527238
1331769649144,-2.0700452,2.0651057,9.358239
1331769649145,-2.3138883,2.3149362,9.620344
1331769649154,-2.2294638,2.2487736,9.734707
1331769649196,-2.2832022,2.2243743,9.802964
1331769649226,-2.1874013,2.2811065,10.051148
1331769649350,-2.2317092,2.1511767,9.323213
1331769649351,-2.141297,2.2709277,9.912836
1331769649351,-1.9887643,2.0520828,9.214089
1331769649435,-2.066303,2.4089406,9.7393465
1331769649436,-1.7685722,2.2522166,9.28085
1331769649547,-2.073039,2.2643414,9.687255
1331769649628,-2.008673,2.150428,9.572444
1331769649629,-2.1505778,2.2218297,9.889185
1331769649629,-1.9155666,1.9339783,9.374855
1331769649635,-2.1119583,2.20252,9.990524
1331769649635,-2.139052,1.9935544,9.311986
1331769649694,-2.1644988,2.102827,9.770033
1331769649694,-1.9690055,2.0339704,9.49236
1331769649715,-2.1103115,2.1731808,9.500893
1331769649750,-2.0607646,2.1643493,9.699979
1331769649785,-1.7462686,2.0703447,9.61765
1331769649820,-2.149979,2.1936882,9.841734
1331769649855,-1.8077906,2.17842,9.804012
1331769649891,-2.1565654,2.1393511,9.75731
1331769649928,-2.1474345,2.1594095,9.840237
1331769649961,-1.9049387,2.2017715,9.850117
1331769649996,-2.058669,2.1785696,9.841734
1331769650030,-2.1176462,2.2233267,9.86778
1331769650068,-2.109563,2.027833,9.330248
1331769650103,-2.386637,2.1977298,9.665251
1331769650138,-1.8262024,2.2963746,9.663156
1331769650173,-1.9757414,2.0742366,9.398057
1331769650211,-1.7284557,1.9188597,9.641451
1331769650242,-1.8586849,2.038461,9.956245
1331769650276,-2.104773,2.1080663,9.741143
1331769650314,-2.2469773,2.2911355,10.183623
1331769650349,-2.1806653,2.0207977,9.187744
1331769650384,-2.40924,2.0383112,10.27179
1331769650429,-2.555935,1.7741107,8.809331
1331769650622,-2.4396267,1.8702109,9.479937
1331769650624,-2.2406905,2.0204983,9.722582
1331769650626,-2.2367985,2.3710694,9.563762
1331769650744,-1.1551479,2.188,10.07944
1331769650746,-1.4799724,2.4578888,9.542955
1331769650761,-1.9275416,2.4137306,9.232651
1331769650762,-1.6940273,2.0459454,9.828262
1331769650771,-2.2948778,2.043251,9.845326
1331769650772,-2.0431013,2.5075855,10.092762
1331769650873,-2.0179536,1.8868263,10.241253
1331769650874,-1.5864011,2.4421716,10.300829
1331769650875,-1.6528629,2.4249573,9.99756
1331769650876,-1.6739689,2.0778291,9.945318
1331769650909,-1.7627344,2.186054,8.892558
1331769650945,-2.2388942,2.3466702,9.923614
1331769650979,-2.1915925,2.222578,9.780212
1331769651015,-2.4721093,2.2480252,9.606573
1331769651049,-2.393822,1.8338366,9.876163
1331769651086,-2.1463866,2.1525238,9.548195
1331769651205,-2.0151095,2.1427941,9.676477
1331769651207,-1.8562899,2.2508693,9.751022
1331769651208,-1.973047,2.157164,9.728419
1331769651273,-2.0258873,2.1142035,9.696386
1331769651274,-2.2056632,1.9025437,9.435629
1331769651337,-1.9901116,2.106719,9.753418
1331769651338,-1.919159,2.1236339,9.691147
1331769651363,-2.1775217,2.1149518,9.756861
1331769651398,-1.809587,2.2089565,9.814191
1331769651433,-1.7688717,2.2555096,10.087074
1331769651471,-1.9980451,2.1116588,9.517209
1331769651587,-1.9561322,2.3828948,9.921518
1331769651589,-1.8221608,2.368824,9.93005
1331769651675,-2.0487895,2.3619382,9.987082
1331769651675,-2.1450393,2.1528232,9.817933
1331769651676,-2.0648062,2.2583537,9.672286
1331769651795,-2.278412,2.223626,9.661359
1331769651796,-2.0089724,2.2272184,10.030941
1331769651797,-2.1037252,2.243235,9.862541
1331769651797,-1.9944525,2.3269112,9.983489
1331769651819,-1.9486477,2.1427941,9.793385
1331769651967,-1.9549347,2.157763,9.657018
1331769651968,-1.9112256,2.3689737,9.518107
1331769651974,-1.8341359,2.245181,9.634864
1331769651974,-1.9718496,2.246678,9.555978
1331769652060,-2.177971,2.2165906,9.812695
1331769652061,-2.1339624,2.0052302,9.935289
1331769652064,-1.950893,2.2016218,9.623937
1331769652100,-2.0887563,2.2969735,9.866582
1331769652134,-1.8269508,2.2703288,10.032437
1331769652169,-1.8928139,2.4141798,9.918076
1331769652207,-2.176474,2.1282742,9.775871
1331769652241,-1.9874171,2.1071682,9.473351
1331769652278,-2.1430933,2.4336393,9.796228
1331769652312,-2.1941373,2.15432,9.938882
1331769652347,-1.7645307,2.2043161,9.59849
1331769652393,-2.049987,2.277963,9.945917
1331769652532,-2.0960913,2.2475762,9.841734
1331769652547,-1.9020946,2.3179297,9.679621
1331769652549,-2.0309765,2.249073,9.994416
1331769652550,-1.7383351,2.1463866,9.41587
1331769652627,-1.659,2.4932153,9.630374
1331769652628,-1.9112256,2.217339,9.773326
1331769652629,-1.8281484,2.1859045,9.489666
1331769652662,-1.8492545,2.2890399,9.576935
1331769652697,-1.943259,2.3134391,9.724378
1331769652732,-1.9866687,2.1941373,9.832603
1331769652768,-1.7727635,2.3349943,9.7139
1331769652802,-1.7402811,2.275568,9.795779
1331769652837,-1.6992663,2.315385,9.874665
1331769652872,-1.855242,2.1302202,9.896669
1331769652907,-1.8497036,2.2329066,9.678873
1331769652943,-1.703308,2.1574636,9.604776
1331769652978,-1.9969972,2.362986,9.788295
1331769653026,-1.728755,2.1314178,9.85835
1331769653048,-1.7904267,2.1619542,9.914333
1331769653198,-1.8137783,2.2200334,9.912087
1331769653199,-1.6253201,2.1634512,10.100546
1331769653199,-1.6875906,2.2893393,10.014175
1331769653219,-1.6160394,2.19758,10.249935
1331769653266,-1.7597406,2.022145,9.829908
1331769653267,-1.6290623,2.2109025,9.804162
1331769653292,-1.7091458,2.2858965,9.845626
1331769653345,-1.6998651,2.069746,9.796678
1331769653368,-1.8473085,2.2872436,9.802217
1331769653471,-2.01481,2.105821,9.732611
1331769653471,-1.8890717,2.0243902,9.102122
1331769653472,-1.8535954,2.0767813,9.610914
1331769653519,-1.6359481,1.8812878,9.442814
1331769653538,-1.963467,2.4906707,10.182575
1331769653572,-1.3230987,2.0161574,8.618927
1331769653607,-2.0323238,2.2790108,9.73306
1331769653641,-1.4739848,1.771566,9.509575
1331769653697,-1.9766395,2.0434008,9.472901
1331769653718,-1.7697698,2.0868104,9.295071
1331769653747,-1.7045054,2.0166063,9.422007
1331769653782,-1.5096108,2.12064,9.775272
1331769653817,-2.0718415,2.431843,9.869726
1331769653852,-1.325344,2.181264,9.354796
1331769653890,-1.617237,2.6129663,9.722432
1331769653923,-1.219065,2.0950434,10.024354
1331769653958,-1.3907579,2.4194188,10.046957
1331769653994,-1.3578264,2.339036,10.434352
1331769654030,-1.5961308,2.2483246,10.453063
1331769654064,-1.5551162,2.3909779,10.358609
1331769654102,-1.5620018,2.2179377,10.245744
1331769654136,-1.6449294,2.2016218,10.185569
1331769654168,-1.886976,2.3460712,10.294393
1331769654203,-1.8378781,1.9992425,9.359287
1331769654241,-2.27946,2.1773722,10.137519
1331769654274,-1.9959494,1.9868184,10.148296
1331769654312,-1.5956818,2.4421716,9.781858
1331769654553,-1.2341835,1.8747015,9.146131
1331769654556,-1.4667997,2.5893154,9.9010105
1331769654654,-1.7281563,1.401236,9.5109215
1331769654666,-2.664609,2.9548554,12.171938
1331769654667,-2.3450234,1.2567865,8.777447
1331769654682,-1.9139199,2.646796,10.107282
1331769654683,-2.4917185,1.4591657,9.123977
1331769654688,-0.80487627,2.6638606,9.73321
1331769654689,-1.1400293,1.7616866,8.662786
1331769654757,-1.2358301,2.8366013,9.655821
1331769654758,-1.0605446,2.0613635,9.061707
1331769654758,-2.060166,2.6792784,11.763886
1331769654763,-1.3533357,1.7262104,9.701177
1331769654800,-1.8503022,2.657424,9.68995
1331769654836,-1.7697698,1.5428417,9.306148
1331769654871,-1.6941769,2.445764,9.047186
1331769654906,-1.2951068,1.8473085,10.038724
1331769654942,-1.3154645,2.2103035,9.594149
1331769654977,-1.5064673,2.212549,10.02151
1331769655011,-1.2305909,1.9893631,9.922417
1331769655047,-1.728755,2.1445904,9.954
1331769655082,-1.6681311,1.9453546,10.164164
1331769655116,-1.470991,1.9670595,10.04082
1331769655151,-1.3695021,1.9901116,9.744586
1331769655187,-1.3473482,1.9963984,9.921668
1331769655221,-1.2614268,2.1863534,10.113568
1331769655256,-1.6266674,2.1679418,10.133477
1331769655292,-1.4717395,1.9598744,9.710457
1331769655328,-1.6136444,1.9555335,10.222242
1331769655362,-1.9064355,1.9640657,9.70447
1331769655478,-1.8510507,1.9714005,10.078093
1331769655564,-1.8872753,1.8037491,10.037677
1331769655566,-1.9766395,2.11585,10.153236
1331769655650,-1.5814613,1.5928377,9.275311
1331769655651,-1.9670595,2.157763,9.98274
1331769655656,-1.687441,1.9871178,9.873917
1331769655657,-1.8541942,1.9498453,9.837692
1331769655658,-1.9226019,1.8444644,9.910741
1331769655711,-1.8797909,1.8227595,9.804312
1331769655712,-2.0386107,1.8089882,9.760753
1331769655748,-2.0565734,1.8016534,10.089768
1331769655783,-2.238445,1.7537531,9.450897
1331769655818,-2.0300784,1.9127225,9.780212
1331769655853,-1.9399658,1.6579523,9.644894
1331769655887,-2.084116,1.9878662,9.780661
1331769655923,-1.932631,1.7131875,9.873618
1331769655969,-2.178869,1.904789,10.258767
1331769655994,-2.0547771,1.6660354,9.628128
1331769656028,-1.9537371,1.6142431,10.013427
1331769656064,-1.973047,1.8514998,9.767638
1331769656099,-1.966311,1.8582358,9.978101
1331769656134,-2.0871098,1.8196161,9.956097
1331769656169,-2.085014,1.6895366,9.648486
1331769656204,-1.954785,1.7805474,10.301727
1331769656239,-1.8696121,1.7778529,10.020462
1331769656274,-1.9520906,1.8033,10.148895
1331769656308,-1.7327967,1.5944842,9.8712225
1331769656345,-2.0082238,1.7580941,9.748328
1331769656381,-1.9420614,1.6802559,9.780361
1331769656424,-1.866319,1.6645386,9.945618
1331769656543,-1.8714083,1.5799644,10.005793
1331769656546,-2.0428019,1.5899936,9.948013
1331769656548,-1.791325,1.4795233,9.932895
1331769656607,-1.9531385,1.6160394,9.933942
1331769656607,-1.890868,1.5280224,10.064471
1331769656622,-1.8958076,1.5380516,9.918225
1331769656659,-1.9992425,1.4464421,10.07465
1331769656694,-1.9616706,1.4069242,9.994416
1331769656730,-1.8155745,1.4250367,9.820478
1331769656764,-1.7911752,1.5856526,10.049353
1331769656799,-2.0059786,1.4268329,9.928254
1331769656946,-1.9025437,1.5036232,9.878707
1331769656948,-1.7808467,1.3965957,10.095157
1331769656956,-1.8579364,1.3865666,9.851763
1331769656957,-1.7423767,1.357078,10.042466
1331769657006,-1.8520986,1.3681549,10.163265
1331769657008,-1.9998413,1.2337345,10.090367
1331769657044,-1.9324814,1.3678555,10.153686
1331769657081,-2.0242405,1.1407777,10.1526375
1331769657116,-1.9541862,1.1301498,9.917027
1331769657151,-1.9122734,1.2656181,9.929751
1331769657185,-1.8803897,1.0922786,10.22853
1331769657221,-1.8282981,1.0837463,10.033635
1331769657255,-1.7534537,1.0797048,10.139614
1331769657291,-1.8607805,1.1518548,10.196047
1331769657326,-1.8941611,0.8822653,9.756561
1331769657361,-1.8257533,1.1403286,10.106533
1331769657441,-1.8405725,1.0005194,10.060879
1331769657444,-1.8607805,1.0809022,10.2193985
1331769657573,-1.7028589,0.96938413,9.96388
1331769657574,-1.8573376,1.0050101,9.943073
1331769657576,-1.6955241,0.9144484,10.005942
1331769657670,-2.0103195,0.9620494,10.066117
1331769657672,-1.9594253,1.065185,10.243499
1331769657673,-1.7238153,1.0280621,10.29559
1331769657676,-1.8666184,0.9807605,9.710906
1331769657711,-1.6202307,1.0627899,10.033785
1331769657746,-1.8449135,0.9122031,10.29604
1331769657782,-1.7000148,1.0361453,10.296787
1331769657816,-1.5479311,1.0502161,10.342892
1331769657852,-1.9059864,0.90786207,10.085727
1331769657887,-2.012565,0.88540876,9.951606
1331769657921,-1.5542179,0.7191046,9.916728
1331769657957,-1.9001486,0.97118044,10.0875225
1331769657991,-1.6173866,0.7659572,10.070608
