1331769610028,0.0,0.008526376,0.0
1331769610063,0.0031973913,-0.007461112,0.001065797
1331769610180,0.0,0.0074605793,-0.0010663297
1331769610181,-0.0021321268,-0.0031979238,-0.0010663297
1331769610182,0.004263188,0.004263188,0.0031973913
1331769610266,0.001065797,0.001065797,0.0
1331769610267,0.0,-0.01279063,0.001065797
1331769610272,-0.0010663297,0.015987223,0.0
1331769610309,0.001065797,-0.011724833,0.0
1331769610344,0.0,0.008526376,0.002131594
1331769610388,0.001065797,-0.010659036,0.0
1331769610415,-0.0010663297,0.004263188,-0.0010663297
1331769610449,-0.0010663297,-0.0021321268,0.0
1331769610551,0.001065797,0.0031973913,0.0
1331769610554,0.002131594,0.0,0.0
1331769610621,-0.004263721,-0.009593239,0.0
1331769610623,-0.0010663297,0.008526376,-0.0010663297
1331769610624,0.0031973913,-0.005329518,0.0
1331769610660,0.0,0.00959244,0.0
1331769610694,0.002131594,-0.017053818,0.001065797
1331769610729,-0.0031979238,0.00959244,-0.0010663297
1331769610765,-0.0010663297,-0.0031979238,-0.0010663297
1331769610800,0.001065797,0.004263188,0.002131594
1331769610835,0.002131594,-0.0031979238,0.0
1331769610870,-0.0021321268,-0.006395315,0.001065797
1331769610904,-0.0021321268,0.0074605793,0.0
1331769610940,0.002131594,-0.006395315,0.0
1331769610975,-0.0010663297,0.004263188,0.001065797
1331769611011,0.001065797,-0.01279063,0.0
1331769611045,-0.0021321268,0.0074605793,-0.0010663297
1331769611081,0.0,-0.004263721,0.0
1331769611115,0.002131594,0.0074605793,0.001065797
1331769611150,0.002131594,-0.0031979238,0.001065797
1331769611186,-0.0010663297,0.0,-0.0010663297
1331769611221,-0.0010663297,0.0031973913,-0.0021321268
1331769611256,0.0053289854,0.0,0.002131594
1331769611290,0.001065797,0.001065797,-0.0021321268
1331769611325,0.0,-0.011724833,0.001065797
1331769611361,-0.0021321268,0.0127898315,-0.0010663297
1331769611543,0.002131594,-0.006395315,0.0
1331769611544,-0.0010663297,0.001065797,0.002131594
1331769611623,-0.0010663297,-0.007461112,-0.0010663297
1331769611625,-0.0021321268,0.0074605793,0.0
1331769611627,0.0,-0.0021321268,0.001065797
1331769611729,-0.0010663297,0.0031973913,0.0
1331769611730,0.002131594,-0.006395315,0.002131594
1331769611731,-0.0031979238,0.002131594,0.0
1331769611732,0.001065797,-0.0021321268,-0.0010663297
1331769611733,0.002131594,0.004263188,0.002131594
1331769611790,0.0053289854,-0.0031979238,0.002131594
1331769611791,-0.0031979238,-0.0031979238,-0.0010663297
1331769611815,-0.0010663297,0.0031973913,-0.0010663297
1331769611852,0.0063947826,0.004263188,0.001065797
1331769611887,0.001065797,0.001065797,0.002131594
1331769611921,0.0,-0.006395315,0.0
1331769611956,0.0,0.011724034,-0.0021321268
1331769611991,0.0031973913,-0.0021321268,0.001065797
1331769612026,0.001065797,0.0,0.001065797
1331769612062,-0.0021321268,-0.010659036,0.001065797
1331769612097,0.0,0.0074605793,-0.0021321268
1331769612132,0.002131594,-0.0021321268,0.001065797
1331769612167,-0.0010663297,0.001065797,0.004263188
1331769612203,0.0,-0.008526909,0.001065797
1331769612238,-0.0031979238,0.0063947826,-0.0010663297
1331769612272,0.0,-0.008526909,0.0
1331769612307,0.001065797,0.0074605793,0.001065797
1331769612342,0.0031973913,-0.006395315,0.002131594
1331769612377,-0.0031979238,0.0031973913,-0.0010663297
1331769612413,0.0,-0.0010663297,-0.0010663297
1331769612447,0.002131594,0.0,0.0031973913
1331769612672,0.004263188,-0.0010663297,-0.0010663297
1331769612675,-0.0010663297,-0.006395315,0.0
1331769612677,-0.0010663297,0.0053289854,-0.0021321268
1331769612754,0.0053289854,0.002131594,0.001065797
1331769612755,0.001065797,-0.0021321268,0.002131594
1331769612756,-0.0021321268,-0.006395315,0.001065797
1331769612762,-0.0021321268,0.00959244,-0.0010663297
1331769612763,0.002131594,-0.0031979238,0.0
1331769612831,-0.0010663297,0.002131594,0.0
1331769612833,0.001065797,-0.010659036,0.001065797
1331769612834,0.0,0.011724034,-0.0021321268
1331769612868,0.0,-0.007461112,-0.0010663297
1331769612903,0.0,0.002131594,0.001065797
1331769612941,0.0,-0.006395315,0.0
1331769612974,-0.0021321268,0.0063947826,0.0
1331769613008,-0.0010663297,-0.0031979238,0.0
1331769613043,0.0,0.0031973913,0.001065797
1331769613078,0.004263188,-0.006395315,0.0031973913
1331769613113,-0.0031979238,0.002131594,-0.0031979238
1331769613149,-0.0010663297,0.001065797,-0.0010663297
1331769613183,0.002131594,0.001065797,0.0
1331769613219,0.0031973913,-0.0021321268,0.0
1331769613254,-0.0031979238,-0.005329518,0.002131594
1331769613288,0.0,0.0074605793,-0.0010663297
1331769613324,0.0074605793,0.0074605793,0.002131594
1331769613359,0.004263188,-0.013856427,0.002131594
1331769613394,0.001065797,0.0074605793,0.001065797
1331769613429,0.001065797,0.0,-0.0021321268
1331769613464,0.00959244,0.001065797,-0.0010663297
1331769613592,0.0,-0.004263721,0.001065797
1331769613594,-0.0031979238,-0.007461112,0.001065797
1331769613596,0.0,0.004263188,-0.0010663297
1331769613691,0.0,0.0,0.0
1331769613693,-0.0010663297,0.002131594,0.002131594
1331769613694,-0.0010663297,-0.011724833,0.002131594
1331769613710,0.001065797,0.0053289854,0.0
1331769613841,0.004263188,0.0053289854,0.0
1331769613911,0.0053289854,0.0063947826,0.001065797
1331769613913,-0.0021321268,-0.014922224,0.002131594
1331769613992,0.001065797,-0.0031979238,0.001065797
1331769614068,0.0,0.011724034,0.001065797
1331769614074,0.0031973913,0.001065797,0.002131594
1331769614075,-0.0010663297,0.0063947826,0.0
1331769614079,-0.0021321268,-0.01811988,0.002131594
1331769614080,-0.0010663297,0.004263188,0.001065797
1331769614081,0.004263188,0.0074605793,0.0
1331769614142,0.0031973913,0.0074605793,0.0
1331769614144,0.002131594,-0.0031979238,-0.0031979238
1331769614177,-0.0010663297,-0.026646258,0.0
1331769614200,0.0031973913,0.0063947826,-0.0010663297
1331769614236,0.0074605793,0.01705302,-0.0021321268
1331769614271,0.010658237,0.019185146,-0.006395315
1331769614305,0.010658237,0.010658237,-0.009593239
1331769614340,0.014921425,0.014921425,-0.008526909
1331769614376,0.014921425,0.03304104,-0.010659036
1331769614410,0.011724034,0.02131674,-0.010659036
1331769614446,0.010658237,0.015987223,-0.007461112
1331769614481,0.014921425,-0.011724833,-0.006395315
1331769614590,0.014921425,-0.02238307,-0.015988022
1331769614593,0.010658237,0.027712055,-0.019185679
1331769614643,0.0127898315,0.04263348,-0.007461112
1331769614645,0.011724034,-0.04263428,-0.019185679
1331769614655,0.014921425,0.0053289854,-0.024514664
1331769614691,0.008526376,0.0127898315,-0.01811988
1331769614727,0.008526376,-0.027712587,-0.031975776
1331769614761,0.0053289854,0.004263188,-0.025580462
1331769614796,0.0031973913,-0.024514664,-0.037305295
1331769614831,0.001065797,0.018119348,-0.033041574
1331769614867,0.0074605793,-0.020251475,-0.040502686
1331769614901,0.0031973913,-0.008526909,-0.040502686
1331769614936,0.008526376,-0.011724833,-0.041568484
1331769614971,0.00959244,-0.034107372,-0.050095126
1331769615006,0.0063947826,-0.0021321268,-0.043700077
1331769615041,0.010658237,-0.043700077,-0.05542464
1331769615076,0.015987223,-0.010659036,-0.049029328
1331769615112,0.013855628,-0.05542464,-0.053292517
1331769615147,0.008526376,-0.049029328,-0.061819427
1331769615255,0.010658237,-0.007461112,-0.05542464
1331769615256,0.0074605793,-0.057556238,-0.068214744
1331769615262,0.0053289854,-0.007461112,-0.06608315
1331769615346,0.0074605793,0.0053289854,-0.067148946
1331769615347,0.014921425,-0.049029328,-0.075675584
1331769615356,0.008526376,0.014921425,-0.07780718
1331769615394,0.0127898315,0.001065797,-0.07674138
1331769615428,0.01705302,-0.02238307,-0.07780718
1331769615463,0.0074605793,0.011724034,-0.0831367
1331769615595,0.010658237,0.0031973913,-0.075675584
1331769615597,0.00959244,-0.03090998,-0.07887298
1331769615600,0.002131594,-0.006395315,-0.07993878
1331769615675,0.00959244,-0.008526909,-0.069280535
1331769615676,0.010658237,-0.05649044,-0.07141213
1331769615677,0.011724034,-0.025580462,-0.074609786
1331769615707,0.014921425,-0.019185679,-0.069280535
1331769615743,0.022382537,-0.026646258,-0.073543996
1331769615778,0.018119348,-0.021317273,-0.06608315
1331769615813,0.018119348,-0.02238307,-0.06501735
1331769615849,0.020250943,-0.029844182,-0.058622036
1331769615883,0.0053289854,-0.005329518,-0.05649044
1331769615918,0.014921425,0.001065797,-0.05649044
1331769615953,0.0053289854,-0.0021321268,-0.054358847
1331769615989,0.002131594,-0.0010663297,-0.051160924
1331769616023,0.0031973913,-0.0031979238,-0.05222672
1331769616058,0.004263188,-0.005329518,-0.046897735
1331769616094,0.001065797,0.022382537,-0.043700077
1331769616129,0.0053289854,0.040501885,-0.036239497
1331769616163,0.0063947826,-0.004263721,-0.027712587
1331769616198,0.00959244,0.001065797,-0.019185679
1331769616234,0.023448335,-0.013856427,-0.009593239
1331769616269,0.030909447,-0.07141213,-0.009593239
1331769616305,0.03943609,0.00959244,-0.0021321268
1331769616339,0.044765607,0.001065797,0.0
1331769616374,0.035172634,-0.033041574,0.004263188
1331769616409,0.03410684,0.02131674,0.010658237
1331769616519,0.02557993,-0.035173167,0.010658237
1331769616521,0.014921425,0.028777853,0.0127898315
1331769616742,0.014921425,-0.009593239,0.00959244
1331769616756,0.0,-0.02238307,0.010658237
1331769616758,0.0127898315,0.035172634,0.014921425
1331769616761,-0.0021321268,-0.023448868,0.01705302
1331769616775,0.0031973913,0.026645726,0.020250943
1331769616776,-0.0031979238,0.01705302,0.023448335
1331769616777,-0.008526909,0.015987223,0.020250943
1331769616844,0.0053289854,-0.007461112,0.019185146
1331769616845,0.0074605793,0.023448335,0.018119348
1331769616846,0.014921425,0.008526376,0.01705302
1331769616864,0.020250943,-0.005329518,0.023448335
1331769616901,0.0074605793,0.020250943,0.020250943
1331769616936,0.01705302,-0.026646258,0.023448335
1331769616970,0.0031973913,0.02557993,0.03410684
1331769617005,0.004263188,-0.023448868,0.03304104
1331769617040,0.0063947826,0.0074605793,0.03410684
1331769617075,-0.009593239,0.011724034,0.028777853
1331769617110,-0.007461112,0.0127898315,0.035172634
1331769617146,-0.014922224,0.004263188,0.031975243
1331769617180,-0.027712587,-0.005329518,0.024514131
1331769617216,-0.027712587,0.015987223,0.019185146
1331769617250,-0.041568484,0.024514131,0.013855628
1331769617285,-0.033041574,0.00959244,0.015987223
1331769617320,-0.033041574,-0.026646258,0.015987223
1331769617356,-0.01811988,-0.03090998,0.028777853
1331769617513,-0.0021321268,-0.024514664,0.031975243
1331769617518,-0.011724833,-0.028778385,0.035172634
1331769617524,0.01705302,-0.015988022,0.040501885
1331769617640,0.019185146,-0.013856427,0.046897203
1331769617641,0.02557993,-0.014922224,0.053291984
1331769617647,0.027712055,-0.025580462,0.045831405
1331769617648,0.015987223,0.004263188,0.037304495
1331769617648,0.011724034,0.023448335,0.02557993
1331769617763,0.0,0.018119348,0.023448335
1331769617764,-0.011724833,0.010658237,0.022382537
1331769617765,-0.014922224,0.030909447,0.022382537
1331769617777,-0.031975776,0.0127898315,0.028777853
1331769617810,-0.024514664,0.013855628,0.028777853
1331769617896,-0.031975776,-0.021317273,0.029843649
1331769617897,-0.027712587,0.02557993,0.027712055
1331769617998,-0.013856427,0.010658237,0.022382537
1331769618000,-0.013856427,0.04369928,0.03304104
1331769618000,0.0127898315,0.0031973913,0.036238696
1331769618021,0.011724034,-0.007461112,0.036238696
1331769618057,0.018119348,0.010658237,0.03943609
1331769618092,0.013855628,0.0127898315,0.035172634
1331769618128,-0.007461112,0.0127898315,0.03410684
1331769618162,-0.014922224,0.001065797,0.035172634
1331769618197,-0.035173167,-0.023448868,0.031975243
1331769618233,-0.043700077,-0.019185679,0.03410684
1331769618268,-0.040502686,-0.0031979238,0.031975243
1331769618302,-0.049029328,-0.007461112,0.03410684
1331769618338,-0.02238307,-0.017053818,0.035172634
1331769618372,-0.014922224,0.020250943,0.03943609
1331769618507,-0.008526909,0.0074605793,0.040501885
1331769618511,0.0053289854,0.008526376,0.041567683
1331769618514,-0.0010663297,0.041567683,0.046897203
1331769618637,0.0,0.014921425,0.05116039
1331769618637,0.00959244,0.038370293,0.050094593
1331769618638,-0.008526909,-0.008526909,0.045831405
1331769618639,0.0,0.04263348,0.054358315
1331769618651,-0.020251475,-0.005329518,0.056489907
1331769618687,-0.023448868,0.001065797,0.046897203
1331769618722,-0.034107372,0.022382537,0.046897203
1331769618756,-0.03090998,0.001065797,0.044765607
1331769618792,-0.021317273,-0.013856427,0.045831405
1331769618911,-0.026646258,-0.013856427,0.04369928
1331769618921,-0.02238307,-0.040502686,0.056489907
1331769618922,-0.033041574,-0.036239497,0.038370293
1331769618989,-0.036239497,-0.015988022,0.041567683
1331769618990,-0.043700077,0.061818894,0.045831405
1331769619002,-0.034107372,-0.0031979238,0.036238696
1331769619220,-0.040502686,-0.008526909,0.044765607
1331769619221,-0.046897735,0.02131674,0.04263348
1331769619232,-0.053292517,0.0127898315,0.040501885
1331769619234,-0.06501735,-0.015988022,0.029843649
1331769619236,-0.020251475,0.0127898315,0.03943609
1331769619260,-0.04476614,-0.03837109,0.02131674
1331769619358,-0.008526909,0.0031973913,0.030909447
1331769619359,-0.026646258,-0.0021321268,0.031975243
1331769619360,-0.0031979238,-0.031975776,0.023448335
1331769619360,-0.0021321268,0.022382537,0.030909447
1331769619388,-0.014922224,0.02557993,0.028777853
1331769619504,-0.0021321268,-0.020251475,0.024514131
1331769619507,-0.024514664,0.024514131,0.031975243
1331769619580,0.02131674,0.13749447,0.020250943
1331769619581,-0.01279063,0.054358315,0.027712055
1331769619583,0.01705302,0.020250943,0.036238696
1331769619599,-0.0031979238,0.0053289854,0.015987223
1331769619635,-0.007461112,0.028777853,0.027712055
1331769619670,0.020250943,0.0127898315,0.024514131
1331769619704,0.001065797,-0.049029328,0.008526376
1331769619739,0.020250943,0.013855628,0.028777853
1331769619775,-0.009593239,-0.02238307,0.01705302
1331769619810,-0.014922224,-0.01279063,0.0127898315
1331769619845,-0.01811988,-0.005329518,0.018119348
1331769619880,-0.041568484,-0.026646258,0.008526376
1331769619916,-0.009593239,-0.021317273,0.00959244
1331769619951,-0.004263721,-0.01811988,0.011724034
1331769619985,0.041567683,0.027712055,0.013855628
1331769620020,0.040501885,0.0,0.00959244
1331769620055,0.031975243,0.026645726,0.015987223
1331769620091,0.036238696,-0.039436888,0.004263188
1331769620126,-0.0031979238,0.02557993,0.0063947826
1331769620160,-0.006395315,-0.013856427,0.018119348
1331769620353,-0.037305295,0.002131594,0.014921425
1331769620355,-0.019185679,-0.08846568,-0.004263721
1331769620360,-0.02238307,0.031975243,0.013855628
1331769620361,-0.026646258,0.08526776,-0.0010663297
1331769620368,0.0,0.11511141,0.018119348
1331769620453,-0.010659036,0.093794405,0.013855628
1331769620454,-0.006395315,-0.04263428,0.0053289854
1331769620546,-0.0010663297,0.054358315,0.015987223
1331769620561,0.0074605793,-0.033041574,0.013855628
1331769620563,0.019185146,-0.025580462,0.011724034
1331769620566,0.02131674,-0.010659036,0.0074605793
1331769620707,0.059687298,0.0053289854,0.008526376
1331769620708,0.05116039,0.044765607,0.00959244
1331769620709,0.07993824,0.10232131,0.02557993
1331769620709,0.06714814,0.061818894,0.014921425
1331769620720,0.06821394,0.06821394,0.023448335
1331769620756,0.06501655,0.044765607,0.024514131
1331769620791,0.06714814,-0.07887298,-0.005329518
1331769620826,0.04263348,-0.04476614,0.013855628
1331769620861,0.024514131,-0.006395315,0.02131674
1331769620897,0.00959244,0.06821394,0.0127898315
1331769620931,0.046897203,0.020250943,0.018119348
1331769620967,-0.036239497,-0.013856427,0.010658237
1331769621002,0.020250943,0.12470385,-0.004263721
1331769621037,-0.041568484,0.02131674,-0.0010663297
1331769621072,-0.019185679,0.03943609,0.001065797
1331769621107,-0.015988022,0.112979814,-0.0031979238
1331769621143,-0.051160924,-0.028778385,0.010658237
1331769621177,-0.023448868,-0.039436888,0.0031973913
1331769621213,-0.011724833,-0.14495613,-0.007461112
1331769621248,-0.027712587,0.15348223,0.020250943
1331769621283,-0.02238307,-0.12470465,0.0053289854
1331769621325,-0.0031979238,0.03410684,0.027712055
1331769621353,0.02557993,-0.051160924,0.02131674
1331769621388,0.02557993,-0.014922224,0.0127898315
1331769621423,-0.0021321268,-0.036239497,0.014921425
1331769621663,0.037304495,0.06927974,0.018119348
1331769621667,-0.027712587,-0.058622036,-0.005329518
1331769621682,0.02131674,0.056489907,0.008526376
1331769621684,-0.009593239,0.0127898315,-0.0010663297
1331769621741,-0.015988022,0.0,-0.009593239
1331769621742,0.004263188,0.04263348,-0.0010663297
1331769621747,-0.013856427,0.041567683,0.0
1331769621749,0.0031973913,-0.014922224,-0.0021321268
1331769621749,-0.007461112,-0.0010663297,0.0053289854
1331769621809,-0.023448868,-0.057556238,0.0
1331769621810,0.0,0.008526376,0.002131594
1331769621843,-0.004263721,0.054358315,0.0063947826
1331769621878,-0.0010663297,-0.029844182,-0.0021321268
1331769621913,0.0031973913,0.00959244,0.001065797
1331769621949,0.010658237,0.002131594,-0.0021321268
1331769621984,0.013855628,0.06714814,0.00959244
1331769622018,-0.004263721,-0.03090998,-0.014922224
1331769622053,0.0127898315,0.02557993,-0.008526909
1331769622098,-0.009593239,0.010658237,-0.0021321268
1331769622124,-0.004263721,0.05116039,0.0
1331769622159,0.014921425,-0.031975776,-0.0021321268
1331769622194,-0.014922224,-0.005329518,-0.005329518
1331769622230,0.0,0.045831405,0.0
1331769622265,0.004263188,-0.041568484,-0.0010663297
1331769622299,-0.005329518,0.029843649,-0.0021321268
1331769622335,-0.009593239,-0.010659036,0.0074605793
1331769622380,-0.028778385,-0.013856427,-0.011724833
1331769622404,-0.009593239,0.01705302,0.0031973913
1331769622440,-0.039436888,-0.005329518,0.002131594
1331769622557,-0.0021321268,0.031975243,-0.006395315
1331769622559,-0.005329518,0.020250943,0.004263188
1331769622562,-0.01811988,-0.0010663297,-0.006395315
1331769622632,-0.005329518,0.018119348,0.004263188
1331769622633,-0.007461112,-0.05968783,-0.0021321268
1331769622649,0.001065797,0.049028795,0.0031973913
1331769622686,0.010658237,-0.036239497,-0.0021321268
1331769622719,0.0031973913,-0.004263721,-0.0021321268
1331769622755,0.023448335,0.036238696,0.00959244
1331769622790,-0.0010663297,-0.019185679,-0.008526909
1331769622974,0.002131594,0.014921425,0.0074605793
1331769622975,0.0053289854,-0.05222672,-0.010659036
1331769622976,0.0,0.027712055,-0.0021321268
1331769622981,-0.010659036,0.002131594,0.0
1331769622984,-0.015988022,-0.028778385,0.001065797
1331769623044,0.002131594,-0.025580462,-0.0021321268
1331769623045,-0.025580462,-0.008526909,0.0
1331769623070,-0.021317273,-0.014922224,0.002131594
1331769623105,-0.025580462,-0.0820709,-0.008526909
1331769623141,-0.021317273,0.00959244,-0.0010663297
1331769623175,-0.011724833,-0.015988022,-0.0021321268
1331769623210,-0.02238307,-0.04796353,-0.007461112
1331769623245,0.0,0.0063947826,-0.0010663297
1331769623281,0.0127898315,0.057555705,0.001065797
1331769623316,-0.021317273,-0.05968783,-0.004263721
1331769623352,0.004263188,0.057555705,-0.007461112
1331769623386,-0.008526909,-0.023448868,-0.008526909
1331769623421,-0.005329518,0.00959244,-0.01279063
1331769623456,-0.027712587,0.004263188,0.0031973913
1331769623575,0.001065797,-0.16627286,-0.026646258
1331769623577,-0.011724833,-0.05968783,-0.005329518
1331769623579,-0.004263721,0.010658237,-0.01279063
1331769623662,-0.0021321268,0.015987223,-0.014922224
1331769623664,0.004263188,-0.03090998,-0.011724833
1331769623666,0.00959244,0.0053289854,-0.013856427
1331769623700,0.011724034,0.045831405,-0.01811988
1331769623737,0.0031973913,0.020250943,-0.014922224
1331769623772,0.022382537,0.02131674,-0.017053818
1331769623806,-0.017053818,-0.009593239,-0.026646258
1331769623842,0.014921425,0.05116039,-0.009593239
1331769623877,-0.017053818,-0.04796353,-0.014922224
1331769623974,0.002131594,-0.010659036,-0.017053818
1331769623975,-0.014922224,-0.010659036,-0.007461112
1331769624037,0.002131594,0.0053289854,-0.008526909
1331769624039,-0.004263721,-0.013856427,-0.019185679
1331769624109,-0.005329518,-0.010659036,-0.008526909
1331769624111,0.002131594,0.03410684,-0.023448868
1331769624174,-0.006395315,-0.04476614,-0.021317273
1331769624175,0.00959244,0.0,-0.009593239
1331769624191,-0.007461112,0.06927974,-0.014922224
1331769624228,0.001065797,-0.04796353,-0.01811988
1331769624263,0.019185146,0.03943609,-0.004263721
1331769624297,-0.007461112,-0.0021321268,-0.020251475
1331769624332,0.02131674,-0.010659036,-0.009593239
1331769624368,0.00959244,-0.007461112,-0.007461112
1331769624403,0.013855628,0.0,-0.017053818
1331769624438,0.038370293,0.026645726,-0.0021321268
1331769624473,-0.01811988,-0.037305295,-0.023448868
1331769624611,0.040501885,0.0074605793,-0.02238307
1331769624614,-0.014922224,0.060753096,-0.010659036
1331769624616,0.011724034,-0.005329518,-0.015988022
1331769624685,0.013855628,-0.02238307,-0.015988022
1331769624687,-0.01279063,-0.0031979238,-0.007461112
1331769624687,0.01705302,-0.031975776,-0.020251475
1331769624718,-0.004263721,-0.006395315,-0.017053818
1331769624754,0.001065797,0.024514131,-0.010659036
1331769624788,0.030909447,0.011724034,-0.019185679
1331769624824,0.0031973913,-0.035173167,-0.007461112
1331769624858,0.02557993,0.07780665,-0.0031979238
1331769624893,0.0031973913,0.06714814,-0.014922224
1331769624928,0.001065797,-0.034107372,-0.014922224
1331769624963,0.015987223,0.019185146,-0.015988022
1331769624999,-0.015988022,0.0031973913,-0.017053818
1331769625033,0.0053289854,-0.024514664,-0.009593239
1331769625068,-0.008526909,-0.009593239,-0.015988022
1331769625105,-0.009593239,-0.01811988,-0.01811988
1331769625139,0.004263188,0.0063947826,-0.008526909
1331769625174,0.0,-0.039436888,-0.021317273
1331769625352,0.02131674,0.036238696,-0.006395315
1331769625353,-0.0021321268,-0.015988022,-0.009593239
1331769625359,0.0,-0.0010663297,-0.013856427
1331769625360,0.0074605793,-0.014922224,-0.007461112
1331769625366,-0.006395315,0.024514131,-0.005329518
1331769625509,0.0053289854,-0.015988022,-0.014922224
1331769625512,0.004263188,-0.0031979238,-0.0010663297
1331769625529,-0.010659036,-0.013856427,-0.015988022
1331769625532,-0.0031979238,-0.073543996,-0.014922224
1331769625608,-0.01279063,0.036238696,-0.0031979238
1331769625608,0.008526376,-0.033041574,-0.014922224
1331769625609,-0.008526909,-0.004263721,-0.006395315
1331769625629,-0.0031979238,0.052226186,-0.0021321268
1331769625666,-0.004263721,-0.05222672,-0.004263721
1331769625699,-0.005329518,-0.034107372,-0.007461112
1331769625735,0.0053289854,0.056489907,-0.004263721
1331769625770,0.0,-0.026646258,-0.010659036
1331769625806,-0.0010663297,0.0127898315,-0.006395315
1331769625841,-0.0021321268,-0.035173167,-0.005329518
1331769625875,0.0,-0.01279063,0.0031973913
1331769625910,0.002131594,0.01705302,-0.008526909
1331769625946,-0.0021321268,-0.004263721,-0.0021321268
1331769625981,-0.004263721,0.008526376,-0.006395315
1331769626016,0.0063947826,-0.0031979238,-0.0031979238
1331769626051,-0.015988022,0.015987223,0.002131594
1331769626168,-0.011724833,0.013855628,0.0
1331769626169,-0.006395315,-0.027712587,-0.006395315
1331769626243,-0.01279063,0.004263188,0.001065797
1331769626255,-0.008526909,-0.0021321268,-0.0031979238
1331769626256,-0.006395315,-0.03837109,-0.005329518
1331769626261,-0.021317273,-0.014922224,-0.0031979238
1331769626296,0.02557993,0.06714814,0.011724034
1331769626331,-0.01279063,-0.051160924,-0.010659036
1331769626366,0.010658237,0.04369928,0.0053289854
1331769626409,0.011724034,0.014921425,-0.009593239
1331769626585,0.004263188,0.0031973913,0.0074605793
1331769626590,-0.0010663297,-0.017053818,-0.005329518
1331769626686,-0.0010663297,-0.0010663297,-0.004263721
1331769626688,-0.01279063,-0.010659036,-0.004263721
1331769626689,0.004263188,0.019185146,-0.0031979238
1331769626696,-0.027712587,-0.054358847,-0.015988022
1331769626698,0.002131594,0.030909447,0.004263188
1331769626705,0.0031973913,-0.0010663297,0.0
1331769626794,-0.0031979238,0.0,0.0
1331769626795,0.008526376,-0.019185679,-0.005329518
1331769626796,0.004263188,-0.015988022,-0.0021321268
1331769626823,0.004263188,0.020250943,0.0
1331769626857,0.011724034,0.01705302,0.001065797
1331769626892,-0.021317273,-0.026646258,-0.0031979238
1331769626928,0.001065797,0.011724034,0.0053289854
1331769626963,0.002131594,-0.01811988,0.001065797
1331769626997,-0.01811988,-0.010659036,0.002131594
1331769627033,0.0053289854,-0.010659036,0.0031973913
1331769627068,0.0,-0.03090998,0.0
1331769627103,0.0,0.026645726,0.002131594
1331769627137,0.004263188,0.0053289854,0.004263188
1331769627174,-0.005329518,0.0053289854,0.002131594
1331769627207,0.0063947826,-0.027712587,0.002131594
1331769627243,0.023448335,0.038370293,0.015987223
1331769627278,-0.026646258,-0.046897735,-0.007461112
1331769627313,0.018119348,0.07780665,0.014921425
1331769627348,-0.006395315,-0.05542464,0.004263188
1331769627385,0.004263188,0.038370293,0.0063947826
1331769627506,-0.004263721,-0.028778385,0.004263188
1331769627520,0.004263188,-0.013856427,0.0063947826
1331769627523,-0.013856427,-0.035173167,0.0074605793
1331769627596,0.031975243,0.024514131,0.015987223
1331769627597,-0.021317273,-0.015988022,-0.008526909
1331769627598,0.029843649,0.008526376,0.024514131
1331769627629,0.0074605793,-0.10658503,-0.011724833
1331769627664,-0.004263721,0.06714814,0.023448335
1331769627698,0.00959244,0.050094593,0.0074605793
1331769627733,-0.0031979238,-0.07141213,0.014921425
1331769627768,0.002131594,-0.020251475,0.0031973913
1331769627954,-0.010659036,0.053291984,0.010658237
1331769627956,0.004263188,-0.021317273,0.010658237
1331769627956,-0.017053818,-0.1332313,0.004263188
1331769627962,0.019185146,0.11617721,0.0031973913
1331769627963,-0.014922224,0.049028795,0.011724034
1331769628020,0.02131674,-0.05649044,0.015987223
1331769628021,0.037304495,-0.013856427,0.001065797
1331769628050,0.0053289854,0.031975243,0.018119348
1331769628085,0.018119348,-0.0021321268,0.0127898315
1331769628120,-0.004263721,-0.036239497,-0.0031979238
1331769628154,0.011724034,0.046897203,0.011724034
1331769628189,-0.005329518,-0.019185679,-0.0010663297
1331769628224,0.023448335,0.071411334,0.014921425
1331769628260,-0.007461112,0.028777853,0.004263188
1331769628300,-0.006395315,0.037304495,0.010658237
1331769628331,0.0063947826,-0.039436888,0.002131594
1331769628364,-0.006395315,0.030909447,0.008526376
1331769628400,0.0074605793,-0.013856427,0.004263188
1331769628536,-0.0031979238,-0.03090998,0.001065797
1331769628539,0.001065797,-0.006395315,-0.005329518
1331769628541,0.002131594,0.01705302,0.004263188
1331769628598,0.004263188,-0.033041574,0.0063947826
1331769628600,0.0031973913,0.02557993,0.0031973913
1331769628610,0.008526376,0.049028795,0.015987223
1331769628645,0.019185146,0.0063947826,0.0074605793
1331769628680,0.002131594,0.040501885,0.008526376
1331769628715,0.0031973913,0.037304495,0.0053289854
1331769628751,0.0053289854,-0.043700077,-0.009593239
1331769628786,-0.021317273,0.0074605793,0.0127898315
1331769628827,0.0053289854,-0.025580462,0.004263188
1331769628856,-0.014922224,-0.067148946,0.011724034
1331769628891,-0.007461112,0.03410684,-0.0031979238
1331769628926,-0.011724833,-0.01279063,0.008526376
1331769629120,-0.005329518,0.011724034,0.0063947826
1331769629125,0.0063947826,0.06608235,0.008526376
1331769629127,-0.011724833,-0.0724782,0.0074605793
1331769629223,0.02557993,0.020250943,0.008526376
1331769629224,-0.008526909,0.02131674,0.0127898315
1331769629228,0.0127898315,-0.0820709,0.002131594
1331769629229,-0.014922224,0.07247766,0.0031973913
1331769629230,0.0127898315,-0.033041574,0.018119348
1331769629289,-0.006395315,-0.13749501,-0.008526909
1331769629291,0.0031973913,0.0,0.001065797
1331769629311,-0.004263721,0.026645726,0.0127898315
1331769629346,0.0,0.011724034,0.0031973913
1331769629382,0.001065797,-0.024514664,0.008526376
1331769629416,0.0053289854,0.0053289854,0.00959244
1331769629549,-0.021317273,-0.029844182,-0.0031979238
1331769629552,0.004263188,0.0031973913,0.0053289854
1331769629554,-0.014922224,-0.017053818,0.002131594
1331769629622,0.002131594,0.0074605793,0.001065797
1331769629623,-0.0021321268,0.031975243,0.008526376
1331769629625,0.0053289854,-0.02238307,0.0031973913
1331769629662,0.0074605793,0.030909447,0.0063947826
1331769629696,0.0074605793,0.0,0.004263188
1331769629731,0.011724034,0.008526376,0.0031973913
1331769629766,-0.004263721,-0.004263721,0.0053289854
1331769629802,-0.02238307,0.022382537,0.0
1331769629837,-0.006395315,-0.025580462,-0.0010663297
1331769629872,0.0031973913,0.0127898315,0.0
1331769629907,-0.023448868,0.052226186,0.004263188
1331769629943,-0.006395315,0.036238696,0.008526376
1331769629977,-0.009593239,-0.029844182,-0.0021321268
1331769630012,-0.0031979238,0.037304495,0.0053289854
1331769630048,0.0074605793,0.030909447,0.001065797
1331769630083,-0.0010663297,0.014921425,0.0063947826
1331769630119,0.018119348,0.03304104,0.001065797
1331769630152,-0.013856427,-0.043700077,-0.004263721
1331769630187,0.01705302,-0.009593239,0.010658237
1331769630222,-0.006395315,-0.013856427,-0.01279063
1331769630258,-0.007461112,0.015987223,0.010658237
1331769630368,-0.029844182,0.004263188,-0.01279063
1331769630368,-0.025580462,-0.05222672,0.0
1331769630374,-0.010659036,0.019185146,0.0
1331769630450,-0.008526909,0.030909447,0.010658237
1331769630452,-0.01279063,0.004263188,0.0031973913
1331769630543,-0.006395315,0.002131594,0.004263188
1331769630545,-0.020251475,-0.015988022,-0.006395315
1331769630606,0.014921425,-0.004263721,0.0053289854
1331769630607,0.0053289854,0.022382537,-0.0021321268
1331769630608,0.011724034,-0.004263721,0.002131594
1331769630643,0.0031973913,-0.05222672,0.004263188
1331769630678,0.018119348,0.024514131,0.004263188
1331769630713,-0.0010663297,-0.04263428,0.0
1331769630748,-0.010659036,-0.007461112,0.0031973913
1331769630783,0.0031973913,0.047962997,-0.004263721
1331769630818,-0.03090998,-0.031975776,0.008526376
1331769630853,-0.023448868,-0.045831937,-0.007461112
1331769630890,-0.020251475,0.015987223,0.0031973913
1331769630924,-0.008526909,-0.017053818,0.0063947826
1331769630959,0.0074605793,0.03943609,-0.005329518
1331769630995,-0.0010663297,-0.029844182,-0.0031979238
1331769631029,0.022382537,0.037304495,0.00959244
1331769631064,0.0127898315,-0.014922224,0.0
1331769631162,0.023448335,-0.006395315,0.010658237
1331769631163,0.008526376,0.020250943,0.00959244
1331769631168,0.01705302,-0.075675584,0.024514131
1331769631203,-0.004263721,-0.07780718,0.0127898315
1331769631240,0.0063947826,0.00959244,0.040501885
1331769631275,-0.008526909,-0.10978296,-0.009593239
1331769631309,-0.029844182,0.014921425,-0.007461112
1331769631344,-0.011724833,0.10978243,-0.011724833
1331769631381,0.001065797,0.014921425,-0.005329518
1331769631415,0.00959244,-0.069280535,-0.025580462
1331769631450,0.057555705,0.06714814,-0.06075363
1331769631661,0.10978243,0.16733813,-0.009593239
1331769631675,0.037304495,-0.25687015,0.013855628
1331769631676,0.075675055,0.047962997,0.03943609
1331769631742,0.08633356,0.100189716,0.03304104
1331769631743,0.06608235,-0.14389032,0.0063947826
1331769631749,0.024514131,0.038370293,0.026645726
1331769631749,-0.011724833,0.12257226,-0.023448868
1331769631750,0.095925994,0.29204252,0.001065797
1331769631811,0.022382537,-0.067148946,-0.04796353
1331769631812,0.020250943,-0.058622036,-0.03837109
1331769631835,0.0,-0.23875053,0.0074605793
1331769631871,-0.10338764,-0.075675584,-0.004263721
1331769631905,-0.009593239,0.040501885,0.008526376
1331769631943,-0.09166361,-0.15881175,-0.011724833
1331769632053,-0.058622036,-0.11617774,-0.005329518
1331769632054,-0.05222672,-0.017053818,-0.008526909
1331769632226,-0.051160924,0.046897203,-0.008526909
1331769632228,-0.026646258,0.0031973913,-0.008526909
1331769632231,-0.028778385,-0.02238307,-0.013856427
1331769632233,-0.019185679,0.052226186,-0.013856427
1331769632235,-0.020251475,0.00959244,-0.020251475
1331769632237,-0.013856427,0.0,-0.017053818
1331769632256,-0.0031979238,0.05116039,-0.011724833
1331769632291,-0.027712587,0.008526376,-0.026646258
1331769632327,-0.006395315,0.027712055,-0.021317273
1331769632361,-0.014922224,-0.015988022,-0.020251475
1331769632400,-0.010659036,0.05116039,-0.01811988
1331769632431,-0.0031979238,-0.006395315,-0.019185679
1331769632466,0.0063947826,0.001065797,-0.015988022
1331769632573,-0.0010663297,-0.008526909,-0.028778385
1331769632576,0.018119348,0.060753096,-0.013856427
1331769632695,0.029843649,-0.006395315,-0.01811988
1331769632709,0.035172634,0.03943609,-0.008526909
1331769632713,0.02131674,-0.051160924,-0.023448868
1331769632715,0.02557993,0.058621503,-0.01279063
1331769632717,0.046897203,-0.015988022,-0.01811988
1331769632747,-0.017053818,0.07780665,-0.014922224
1331769632782,0.044765607,-0.01811988,0.001065797
1331769632829,0.0074605793,0.023448335,-0.013856427
1331769632930,0.015987223,0.011724034,0.001065797
1331769632932,0.00959244,-0.036239497,-0.005329518
1331769632947,-0.005329518,-0.01811988,-0.008526909
1331769633069,0.0063947826,0.008526376,0.001065797
1331769633071,-0.01811988,-0.10871716,-0.011724833
1331769633072,0.024514131,0.031975243,0.008526376
1331769633076,-0.010659036,-0.06395155,-0.007461112
1331769633098,0.010658237,0.004263188,-0.0010663297
1331769633133,0.0053289854,-0.05222672,-0.0031979238
1331769633168,0.011724034,0.0031973913,0.0074605793
1331769633203,0.018119348,-0.01279063,-0.004263721
1331769633238,0.0031973913,-0.020251475,-0.0021321268
1331769633273,0.02131674,0.004263188,0.004263188
1331769633308,0.0063947826,0.0063947826,-0.0031979238
1331769633344,-0.0010663297,-0.014922224,0.0031973913
1331769633378,0.0053289854,-0.0031979238,-0.0021321268
1331769633414,-0.011724833,-0.010659036,-0.0010663297
1331769633448,-0.0010663297,0.028777853,0.002131594
1331769633590,-0.021317273,-0.045831937,-0.0010663297
1331769633592,-0.011724833,-0.013856427,0.0053289854
1331769633594,0.001065797,-0.006395315,-0.0021321268
1331769633711,-0.009593239,-0.0021321268,0.0063947826
1331769633712,0.0074605793,-0.023448868,0.00959244
1331769633713,0.0031973913,0.0,-0.004263721
1331769633714,-0.005329518,-0.019185679,0.013855628
1331769633728,0.0,-0.10232185,0.002131594
1331769633764,0.018119348,-0.017053818,-0.006395315
1331769633799,-0.01811988,0.053291984,0.015987223
1331769633835,0.013855628,0.03410684,0.004263188
1331769633870,0.03304104,-0.026646258,-0.011724833
1331769633904,-0.015988022,0.05542411,0.015987223
1331769633939,0.014921425,0.07460926,0.0053289854
1331769634127,0.020250943,-0.008526909,-0.0010663297
1331769634195,0.013855628,0.0053289854,0.008526376
1331769634197,0.01705302,0.061818894,-0.005329518
1331769634211,-0.0010663297,0.0053289854,0.0031973913
1331769634234,0.015987223,0.014921425,-0.004263721
1331769634376,-0.006395315,-0.006395315,-0.004263721
1331769634383,-0.0031979238,0.046897203,-0.0031979238
1331769634383,-0.029844182,-0.04796353,-0.019185679
1331769634384,-0.008526909,0.00959244,-0.0031979238
1331769634385,-0.023448868,0.024514131,-0.004263721
1331769634386,-0.010659036,-0.006395315,-0.004263721
1331769634386,0.004263188,-0.007461112,-0.007461112
1331769634562,-0.015988022,0.04263348,-0.009593239
1331769634563,0.008526376,0.020250943,0.0
1331769634564,-0.004263721,0.030909447,-0.005329518
1331769634564,0.0031973913,-0.005329518,-0.008526909
1331769634565,-0.004263721,0.023448335,0.0
1331769634625,0.011724034,0.041567683,-0.017053818
1331769634627,-0.013856427,0.03410684,-0.0021321268
1331769634640,-0.020251475,0.01705302,-0.0031979238
1331769634675,0.00959244,0.036238696,-0.009593239
1331769634710,-0.02238307,0.0127898315,0.0
1331769634746,-0.006395315,0.0063947826,-0.007461112
1331769634781,-0.006395315,-0.02238307,-0.01279063
1331769634815,-0.008526909,0.02557993,0.0074605793
1331769634850,-0.007461112,-0.020251475,-0.008526909
1331769634885,-0.0010663297,0.00959244,0.0
1331769634922,0.0,0.01705302,-0.0021321268
1331769634956,-0.005329518,-0.019185679,-0.009593239
1331769634991,-0.0021321268,0.023448335,0.001065797
1331769635027,-0.009593239,-0.01811988,0.001065797
1331769635062,-0.006395315,-0.050095126,-0.0021321268
1331769635096,0.001065797,0.026645726,0.0053289854
1331769635132,-0.009593239,0.004263188,-0.006395315
1331769635167,0.0031973913,-0.010659036,0.001065797
1331769635202,-0.0010663297,0.0074605793,0.004263188
1331769635237,0.0031973913,-0.03837109,-0.0021321268
1331769635272,-0.0010663297,-0.009593239,0.001065797
1331769635306,-0.0010663297,0.04369928,-0.0010663297
1331769635341,-0.0031979238,-0.021317273,-0.006395315
1331769635540,-0.004263721,0.0063947826,0.001065797
1331769635543,-0.009593239,0.024514131,-0.006395315
1331769635545,-0.020251475,-0.007461112,0.0
1331769635564,-0.015988022,-0.049029328,-0.006395315
1331769635565,-0.006395315,0.031975243,-0.004263721
1331769635623,-0.014922224,-0.035173167,-0.004263721
1331769635625,0.010658237,0.022382537,-0.0031979238
1331769635626,0.0063947826,0.035172634,0.001065797
1331769635656,-0.0010663297,-0.0021321268,-0.0021321268
1331769635692,0.0127898315,-0.01811988,-0.0021321268
1331769635727,0.0063947826,0.03410684,0.0
1331769635762,0.0074605793,0.018119348,0.0
1331769635797,-0.007461112,-0.04796353,-0.009593239
1331769635832,-0.0021321268,0.010658237,-0.0021321268
1331769635867,-0.008526909,-0.0010663297,-0.008526909
1331769635902,-0.013856427,-0.0010663297,-0.004263721
1331769635937,-0.01279063,0.004263188,0.0031973913
1331769635972,-0.015988022,-0.023448868,-0.007461112
1331769636007,-0.005329518,-0.025580462,-0.0010663297
1331769636042,-0.011724833,0.00959244,-0.0031979238
1331769636077,-0.009593239,-0.019185679,-0.004263721
1331769636112,0.002131594,-0.011724833,0.008526376
1331769636148,-0.0031979238,-0.01811988,0.0
1331769636183,-0.006395315,-0.015988022,0.00959244
1331769636219,0.0063947826,-0.021317273,0.0
1331769636254,-0.004263721,0.00959244,0.004263188
1331769636288,0.00959244,-0.01279063,0.0063947826
1331769636340,0.010658237,-0.020251475,-0.0010663297
1331769636358,0.011724034,0.004263188,0.013855628
1331769636491,0.002131594,-0.04796353,-0.007461112
1331769636493,0.0031973913,0.04369928,0.0053289854
1331769636495,0.023448335,0.01705302,0.0063947826
1331769636566,0.001065797,-0.033041574,0.004263188
1331769636568,0.02557993,0.030909447,-0.0031979238
1331769636580,0.015987223,0.011724034,0.004263188
1331769636604,0.010658237,0.02557993,-0.005329518
1331769636727,0.022382537,0.035172634,-0.0031979238
1331769636729,0.004263188,0.010658237,0.00959244
1331769636730,0.00959244,-0.029844182,-0.004263721
1331769636797,-0.0010663297,0.045831405,-0.0010663297
1331769636799,-0.0031979238,-0.026646258,-0.0031979238
1331769636813,0.0063947826,0.010658237,-0.006395315
1331769636850,-0.014922224,0.018119348,0.0074605793
1331769636885,0.002131594,0.054358315,0.0
1331769636920,-0.0031979238,-0.0852683,0.001065797
1331769636954,-0.007461112,0.02557993,0.010658237
1331769637049,0.0031973913,-0.05649044,-0.015988022
1331769637050,0.004263188,-0.004263721,0.015987223
1331769637058,0.011724034,-0.011724833,0.008526376
1331769637094,-0.004263721,-0.025580462,0.004263188
1331769637129,-0.004263721,0.019185146,0.011724034
1331769637164,-0.005329518,-0.040502686,-0.009593239
1331769637200,-0.007461112,0.041567683,0.0031973913
1331769637235,-0.007461112,0.02131674,-0.0021321268
1331769637269,-0.010659036,-0.037305295,0.001065797
1331769637305,-0.009593239,-0.04263428,0.004263188
1331769637340,-0.006395315,0.046897203,0.001065797
1331769637375,-0.013856427,0.0074605793,0.0063947826
1331769637497,-0.0031979238,0.04369928,0.0
1331769637499,0.02131674,0.01705302,0.0074605793
1331769637502,0.013855628,-0.013856427,0.010658237
1331769637568,0.020250943,0.0074605793,0.0074605793
1331769637569,0.001065797,-0.008526909,-0.008526909
1331769637584,0.0127898315,0.053291984,0.020250943
1331769637621,0.014921425,-0.14495613,-0.007461112
1331769637655,0.01705302,-0.036239497,-0.010659036
1331769637690,-0.007461112,0.0031973913,0.0053289854
1331769637725,-0.007461112,-0.04263428,-0.015988022
1331769637761,-0.010659036,-0.0010663297,0.004263188
1331769637795,-0.015988022,-0.020251475,-0.0010663297
1331769637831,0.022382537,-0.0021321268,-0.0031979238
1331769637866,0.015987223,0.058621503,0.0127898315
1331769638045,0.0074605793,-0.0010663297,-0.004263721
1331769638045,0.0063947826,0.0074605793,0.0063947826
1331769638050,0.02557993,0.047962997,0.004263188
1331769638051,-0.027712587,-0.05542464,0.0031973913
1331769638126,0.014921425,0.018119348,0.0031973913
1331769638127,-0.004263721,-0.031975776,-0.0010663297
1331769638128,0.0,0.019185146,0.0031973913
1331769638164,0.0063947826,0.036238696,0.0031973913
1331769638182,-0.008526909,-0.024514664,0.0
1331769638217,0.013855628,-0.005329518,0.002131594
1331769638252,-0.0021321268,-0.005329518,0.002131594
1331769638287,0.0,-0.017053818,-0.0031979238
1331769638321,0.002131594,-0.031975776,-0.005329518
1331769638356,-0.025580462,0.08420196,-0.0021321268
1331769638393,0.011724034,-0.057556238,-0.0021321268
1331769638519,0.01705302,-0.061819427,-0.006395315
1331769638521,-0.011724833,0.059687298,-0.0031979238
1331769638523,0.00959244,0.11724327,0.0
1331769638663,-0.015988022,-0.06501735,-0.009593239
1331769638667,-0.0031979238,0.070345536,0.004263188
1331769638669,0.0,-0.062885754,-0.013856427
1331769638680,-0.039436888,0.061818894,-0.007461112
1331769638682,-0.024514664,-0.039436888,-0.015988022
1331769638708,-0.037305295,0.07780665,-0.0010663297
1331769638742,0.002131594,-0.08953201,-0.008526909
1331769638777,-0.045831937,0.082070366,0.001065797
1331769638813,0.0053289854,0.063950755,-0.0031979238
1331769638848,-0.02238307,-0.0021321268,-0.007461112
1331769638883,-0.004263721,-0.03090998,-0.0010663297
1331769638917,0.0074605793,0.07887244,-0.0021321268
1331769638953,-0.006395315,-0.054358847,0.0031973913
1331769638987,0.014921425,-0.01811988,-0.0031979238
1331769639022,0.010658237,0.0063947826,-0.0031979238
1331769639058,0.028777853,0.04369928,0.0
1331769639093,-0.009593239,-0.08633409,-0.006395315
1331769639128,0.01705302,0.0063947826,0.001065797
1331769639163,-0.008526909,0.060753096,-0.0010663297
1331769639359,0.001065797,-0.07887298,0.001065797
1331769639360,0.014921425,0.07674085,-0.0021321268
1331769639365,-0.017053818,-0.037305295,0.0
1331769639373,0.0074605793,0.024514131,0.0031973913
1331769639374,-0.013856427,-0.061819427,-0.015988022
1331769639444,0.008526376,0.060753096,0.014921425
1331769639446,-0.007461112,-0.051160924,-0.017053818
1331769639539,0.011724034,0.0063947826,0.004263188
1331769639553,-0.008526909,-0.005329518,0.0063947826
1331769639555,0.011724034,-0.027712587,-0.0031979238
1331769639630,-0.009593239,-0.036239497,0.001065797
1331769639631,0.0063947826,0.088465154,-0.0031979238
1331769639632,-0.004263721,0.008526376,-0.005329518
1331769639653,-0.0031979238,0.004263188,0.014921425
1331769639689,0.030909447,-0.07674138,0.0
1331769639724,0.004263188,-0.023448868,0.0074605793
1331769639760,0.008526376,0.05116039,0.002131594
1331769639794,0.010658237,-0.017053818,-0.01279063
1331769639830,0.004263188,-0.005329518,0.0074605793
1331769639864,0.0074605793,-0.017053818,-0.0010663297
1331769639899,0.011724034,-0.014922224,-0.007461112
1331769639934,0.0,0.061818894,0.008526376
1331769639969,0.019185146,0.026645726,0.0074605793
1331769640005,-0.0010663297,0.019185146,0.0053289854
1331769640039,0.031975243,-0.028778385,0.001065797
1331769640075,0.001065797,0.014921425,-0.0010663297
1331769640110,-0.008526909,-0.03837109,0.0
1331769640145,0.029843649,0.052226186,0.0031973913
1331769640180,-0.024514664,-0.007461112,-0.005329518
1331769640215,0.019185146,0.037304495,0.010658237
1331769640250,-0.029844182,-0.067148946,-0.008526909
1331769640286,0.00959244,-0.0031979238,0.002131594
1331769640321,-0.026646258,-0.04476614,-0.0010663297
1331769640355,0.00959244,0.028777853,0.002131594
1331769640390,-0.01279063,-0.05649044,0.001065797
1331769640425,-0.013856427,0.059687298,0.0053289854
1331769640636,0.018119348,-0.033041574,0.0053289854
1331769640638,-0.013856427,-0.050095126,-0.006395315
1331769640640,0.02557993,0.061818894,0.0074605793
1331769640759,-0.02238307,-0.013856427,-0.0021321268
1331769640767,0.0127898315,-0.09166361,0.004263188
1331769640804,0.008526376,0.002131594,0.0031973913
1331769640827,-0.017053818,0.026645726,0.011724034
1331769640830,0.001065797,0.03943609,-0.006395315
1331769640832,-0.0010663297,-0.02238307,0.002131594
1331769640933,0.0031973913,0.029843649,0.008526376
1331769640936,-0.017053818,-0.023448868,-0.0031979238
1331769640938,-0.0021321268,0.046897203,0.008526376
1331769640940,-0.013856427,0.0063947826,-0.007461112
1331769640943,-0.009593239,-0.035173167,0.0031973913
1331769640952,0.001065797,-0.034107372,0.0
1331769640986,0.004263188,-0.051160924,0.001065797
1331769641021,-0.005329518,-0.09805839,-0.004263721
1331769641057,-0.015988022,0.035172634,0.001065797
1331769641091,0.0127898315,0.018119348,-0.005329518
1331769641126,-0.020251475,-0.0820709,-0.010659036
1331769641165,0.002131594,0.041567683,-0.0010663297
1331769641196,0.008526376,-0.06075363,0.0074605793
1331769641232,0.00959244,0.011724034,0.002131594
1331769641267,-0.0010663297,0.026645726,0.00959244
1331769641302,0.010658237,0.001065797,0.0063947826
1331769641337,-0.008526909,-0.024514664,-0.01279063
1331769641371,-0.006395315,0.08953121,0.0
1331769641407,-0.011724833,0.018119348,0.0031973913
1331769641527,0.020250943,-0.12363885,0.0063947826
1331769641541,-0.024514664,-0.061819427,0.001065797
1331769641543,0.013855628,-0.05542464,-0.017053818
1331769641654,0.013855628,0.059687298,0.011724034
1331769641656,-0.0010663297,-0.09059781,0.004263188
1331769641658,0.0053289854,0.09166281,0.0074605793
1331769641660,0.002131594,-0.08633409,0.001065797
1331769641697,-0.007461112,0.06501655,0.0031973913
1331769641722,-0.009593239,-0.06501735,-0.01279063
1331769641757,0.02557993,0.06288496,0.018119348
1331769641904,0.013855628,-0.008526909,-0.009593239
1331769641907,-0.011724833,0.06821394,0.0063947826
1331769641921,0.020250943,0.0127898315,0.011724034
1331769641924,0.03304104,-0.025580462,-0.006395315
1331769642015,0.004263188,-0.0010663297,0.0074605793
1331769642016,0.015987223,0.053291984,-0.008526909
1331769642016,0.0063947826,-0.062885754,0.0074605793
1331769642037,0.028777853,0.0031973913,0.0053289854
1331769642074,0.0074605793,-0.015988022,-0.0010663297
1331769642108,0.03304104,0.045831405,-0.0010663297
1331769642143,0.015987223,-0.04476614,-0.015988022
1331769642179,-0.013856427,0.053291984,0.0
1331769642213,0.002131594,0.023448335,-0.0010663297
1331769642248,0.0127898315,0.038370293,-0.0010663297
1331769642284,-0.01811988,-0.05968783,-0.010659036
1331769642319,0.02131674,0.14708692,0.010658237
1331769642354,-0.033041574,-0.04476614,-0.0021321268
1331769642389,-0.0031979238,-0.03090998,-0.0010663297
1331769642423,-0.019185679,0.03410684,-0.005329518
1331769642560,0.001065797,-0.036239497,0.0
1331769642562,-0.01279063,-0.01811988,0.001065797
1331769642565,0.0074605793,-0.057556238,0.0031973913
1331769642632,0.015987223,0.01705302,0.010658237
1331769642633,0.001065797,-0.03090998,0.0063947826
1331769642634,0.011724034,0.03304104,-0.007461112
1331769642670,0.004263188,-0.007461112,0.004263188
1331769642705,-0.008526909,-0.009593239,-0.0010663297
1331769642739,0.022382537,-0.039436888,0.001065797
1331769642775,-0.004263721,-0.026646258,0.022382537
1331769642810,0.002131594,-0.05968783,0.0074605793
1331769642845,-0.015988022,-0.010659036,0.004263188
1331769642880,-0.02238307,-0.054358847,-0.005329518
1331769642989,-0.011724833,0.03304104,0.002131594
1331769642990,-0.02238307,-0.031975776,0.0074605793
1331769642991,0.001065797,0.035172634,0.0
1331769643142,-0.013856427,0.002131594,0.002131594
1331769643148,-0.010659036,-0.008526909,-0.0021321268
1331769643149,0.001065797,0.03410684,-0.01279063
1331769643150,-0.007461112,-0.007461112,-0.0021321268
1331769643208,-0.015988022,0.06288496,-0.0021321268
1331769643209,0.0053289854,-0.087399885,-0.005329518
1331769643230,-0.015988022,-0.14708772,0.00959244
1331769643265,0.010658237,0.038370293,0.001065797
1331769643300,-0.01279063,0.0063947826,0.004263188
1331769643336,0.02131674,-0.021317273,0.004263188
1331769643370,-0.006395315,0.070345536,0.0031973913
1331769643406,0.004263188,0.0031973913,0.0053289854
1331769643441,0.002131594,0.02557993,0.0031973913
1331769643573,0.010658237,-0.092729405,-0.006395315
1331769643575,0.002131594,0.08313616,0.0074605793
1331769643578,-0.007461112,-0.015988022,-0.008526909
1331769643655,-0.007461112,0.035172634,0.008526376
1331769643657,-0.02238307,-0.06608315,-0.010659036
1331769643658,-0.009593239,0.1065845,-0.010659036
1331769643685,-0.035173167,-0.009593239,0.002131594
1331769643721,0.036238696,-0.069280535,-0.005329518
1331769643756,-0.015988022,-0.005329518,-0.0010663297
1331769643903,0.030909447,-0.0031979238,0.004263188
1331769643904,0.031975243,-0.013856427,-0.013856427
1331769643905,-0.005329518,0.049028795,0.00959244
1331769643960,0.031975243,0.10871663,0.004263188
1331769643961,0.029843649,0.02131674,0.011724034
1331769643966,0.045831405,-0.0010663297,0.024514131
1331769644001,0.0031973913,-0.02238307,-0.0010663297
1331769644036,0.002131594,0.022382537,0.00959244
1331769644071,-0.008526909,-0.006395315,-0.0021321268
1331769644106,-0.036239497,0.037304495,-0.0021321268
1331769644142,-0.02238307,0.05542411,0.008526376
1331769644177,-0.039436888,-0.041568484,-0.015988022
1331769644299,-0.009593239,0.07354346,0.013855628
1331769644464,-0.06608315,-0.10978296,-0.015988022
1331769644470,0.024514131,0.07674085,0.001065797
1331769644471,-0.04796353,-0.1279023,-0.0010663297
1331769644490,0.0127898315,0.047962997,0.022382537
1331769644493,0.0053289854,-0.040502686,-0.004263721
1331769644504,-0.0021321268,0.04369928,0.02131674
1331769644506,0.023448335,0.013855628,0.0
1331769644709,0.0053289854,-0.020251475,0.002131594
1331769644711,0.026645726,0.008526376,0.0127898315
1331769644714,0.038370293,-0.0021321268,0.0063947826
1331769644716,0.054358315,-0.008526909,0.0053289854
1331769644730,-0.006395315,0.041567683,0.0063947826
1331769644733,0.026645726,0.13962607,0.0074605793
1331769644737,0.011724034,-0.069280535,0.014921425
1331769644828,-0.007461112,-0.021317273,-0.009593239
1331769644832,0.008526376,0.030909447,0.002131594
1331769644834,-0.03090998,-0.046897735,0.011724034
1331769644842,0.0031973913,-0.09699259,-0.009593239
1331769644878,-0.049029328,0.020250943,-0.0021321268
1331769644913,-0.019185679,-0.06608315,0.015987223
1331769644948,-0.007461112,0.037304495,0.0031973913
1331769644983,-0.015988022,-0.02238307,0.002131594
1331769645018,0.00959244,0.08953121,0.004263188
1331769645053,-0.023448868,-0.026646258,-0.013856427
1331769645088,0.01705302,0.004263188,0.008526376
1331769645124,0.0053289854,-0.050095126,0.002131594
1331769645158,0.026645726,0.004263188,0.0053289854
1331769645194,0.026645726,0.020250943,0.00959244
1331769645228,0.04263348,0.024514131,-0.0021321268
1331769645264,0.027712055,0.00959244,0.010658237
1331769645299,0.035172634,-0.05542464,0.015987223
1331769645334,0.010658237,0.050094593,0.00959244
1331769645369,0.0074605793,-0.035173167,0.008526376
1331769645405,-0.007461112,-0.009593239,0.0031973913
1331769645537,-0.011724833,0.0,0.002131594
1331769645539,-0.01279063,0.011724034,0.0074605793
1331769645616,-0.013856427,-0.073543996,0.004263188
1331769645641,-0.011724833,-0.007461112,0.0074605793
1331769645643,-0.034107372,-0.015988022,0.0063947826
1331769645646,-0.029844182,-0.03837109,-0.007461112
1331769645735,-0.028778385,0.029843649,0.004263188
1331769645736,-0.031975776,-0.035173167,0.002131594
1331769645737,-0.020251475,0.004263188,0.001065797
1331769645753,-0.014922224,-0.0031979238,0.0074605793
1331769645789,-0.028778385,0.0063947826,-0.0010663297
1331769645824,-0.023448868,0.020250943,-0.0021321268
1331769645859,-0.019185679,-0.051160924,0.001065797
1331769645894,-0.004263721,-0.05222672,-0.0010663297
1331769645929,-0.010659036,0.020250943,0.008526376
1331769645965,-0.025580462,-0.041568484,0.0
1331769645999,-0.015988022,0.037304495,0.002131594
1331769646035,-0.013856427,-0.007461112,0.002131594
1331769646070,-0.011724833,0.022382537,0.0
1331769646105,0.001065797,-0.035173167,0.0053289854
1331769646140,0.02557993,0.040501885,0.0074605793
1331769646176,0.014921425,-0.024514664,0.004263188
1331769646210,0.010658237,0.02557993,0.0031973913
1331769646246,0.01705302,0.0031973913,0.002131594
1331769646280,-0.011724833,-0.021317273,0.0063947826
1331769646315,0.00959244,-0.005329518,0.0031973913
1331769646350,-0.008526909,0.0063947826,0.0074605793
1331769646390,-0.021317273,-0.017053818,-0.004263721
1331769646420,0.002131594,0.041567683,-0.0021321268
1331769646455,-0.021317273,0.001065797,0.002131594
1331769646491,0.0053289854,0.028777853,0.002131594
1331769646583,0.0063947826,0.0031973913,0.0074605793
1331769646585,0.014921425,-0.005329518,-0.011724833
1331769646697,0.0031973913,0.09166281,0.0063947826
1331769646701,0.027712055,0.031975243,0.002131594
1331769646703,-0.0021321268,-0.0031979238,0.0031973913
1331769646783,0.018119348,0.0,0.0074605793
1331769646882,0.008526376,0.01705302,0.0053289854
1331769646888,-0.0021321268,0.011724034,0.004263188
1331769646888,0.0031973913,-0.02238307,-0.009593239
1331769646889,-0.0010663297,0.06608235,0.008526376
1331769646890,0.0063947826,-0.05222672,-0.0031979238
1331769646961,0.002131594,0.02131674,0.0063947826
1331769646962,-0.0031979238,-0.039436888,0.010658237
1331769646982,-0.010659036,0.019185146,-0.0010663297
1331769647018,-0.010659036,-0.005329518,-0.005329518
1331769647053,-0.014922224,0.029843649,0.010658237
1331769647088,-0.01811988,-0.015988022,-0.0010663297
1331769647122,-0.009593239,-0.004263721,0.002131594
1331769647156,0.0,0.02557993,0.011724034
1331769647192,-0.01279063,0.00959244,-0.005329518
1331769647228,0.002131594,-0.008526909,-0.0010663297
1331769647262,-0.014922224,-0.007461112,-0.0010663297
1331769647297,0.0063947826,0.045831405,0.0031973913
1331769647333,-0.0031979238,-0.02238307,-0.0010663297
1331769647369,-0.005329518,-0.008526909,0.001065797
1331769647498,-0.011724833,0.0074605793,-0.004263721
1331769647500,-0.006395315,0.04263348,-0.0021321268
1331769647503,-0.010659036,-0.017053818,0.001065797
1331769647570,-0.004263721,0.0053289854,0.001065797
1331769647572,0.002131594,0.0031973913,-0.0021321268
1331769647577,-0.024514664,0.0127898315,-0.006395315
1331769647612,-0.0031979238,0.123638056,0.002131594
1331769647648,0.0053289854,-0.105519235,0.00959244
1331769647682,0.0074605793,0.013855628,0.019185146
1331769647717,0.019185146,0.071411334,0.013855628
1331769647752,0.014921425,-0.027712587,0.004263188
1331769647787,0.001065797,-0.041568484,0.00959244
1331769647822,-0.004263721,0.1801285,0.013855628
1331769647858,-0.041568484,0.10338711,0.00959244
1331769647893,0.030909447,-0.021317273,-0.009593239
1331769647928,0.0053289854,0.13962607,0.001065797
1331769647963,-0.009593239,-0.017053818,-0.009593239
1331769648010,0.02131674,0.01705302,-0.005329518
1331769648235,0.0074605793,0.018119348,0.0063947826
1331769648237,0.004263188,-0.004263721,0.010658237
1331769648244,0.022382537,-0.07034633,-0.0021321268
1331769648245,-0.013856427,-0.013856427,0.010658237
1331769648246,-0.021317273,0.019185146,-0.015988022
1331769648247,-0.011724833,0.082070366,0.002131594
1331769648325,-0.004263721,-0.010659036,0.004263188
1331769648327,-0.045831937,0.04369928,-0.006395315
1331769648327,0.0063947826,-0.027712587,-0.0031979238
1331769648348,-0.01279063,0.01705302,-0.0031979238
1331769648391,-0.010659036,0.0074605793,-0.008526909
1331769648507,0.0,-0.05542464,0.002131594
1331769648509,0.011724034,0.0074605793,0.00959244
1331769648511,0.00959244,-0.06395155,0.004263188
1331769648579,0.027712055,0.087399356,0.02131674
1331769648581,0.018119348,-0.0724782,-0.0010663297
1331769648593,0.031975243,0.06821394,0.010658237
1331769648629,0.011724034,-0.03090998,0.002131594
1331769648665,0.008526376,-0.013856427,0.001065797
1331769648699,-0.004263721,-0.033041574,-0.011724833
1331769648735,0.0063947826,0.031975243,0.002131594
1331769648769,-0.0031979238,-0.07993878,-0.009593239
1331769648964,-0.019185679,-0.017053818,-0.0021321268
1331769648966,-0.004263721,0.023448335,0.0063947826
1331769648966,-0.034107372,0.001065797,0.0031973913
1331769648967,0.010658237,-0.02238307,0.010658237
1331769649058,-0.01811988,0.00959244,-0.005329518
1331769649067,-0.01811988,0.020250943,0.0053289854
1331769649068,0.0074605793,-0.043700077,-0.006395315
1331769649069,-0.028778385,0.02131674,0.004263188
1331769649144,0.0053289854,-0.026646258,-0.0010663297
1331769649144,-0.004263721,0.020250943,-0.0010663297
1331769649154,0.01705302,-0.046897735,0.0053289854
1331769649189,0.004263188,0.031975243,-0.007461112
1331769649225,0.015987223,-0.035173167,0.008526376
1331769649349,0.0063947826,0.046897203,-0.0010663297
1331769649350,0.022382537,0.01705302,0.0127898315
1331769649351,-0.008526909,-0.006395315,-0.004263721
1331769649435,0.02557993,0.024514131,0.004263188
1331769649436,0.002131594,-0.020251475,0.0031973913
1331769649547,-0.0031979238,-0.009593239,0.011724034
1331769649628,-0.004263721,-0.010659036,-0.0010663297
1331769649628,-0.024514664,-0.03090998,0.0
1331769649629,-0.025580462,0.0063947826,-0.005329518
1331769649634,-0.024514664,-0.04796353,-0.004263721
1331769649635,-0.007461112,-0.0031979238,0.014921425
1331769649693,-0.0021321268,-0.023448868,0.004263188
1331769649694,0.015987223,0.031975243,0.020250943
1331769649715,0.013855628,-0.01279063,0.0031973913
1331769649750,0.0127898315,0.00959244,0.004263188
1331769649785,0.019185146,-0.03837109,0.004263188
1331769649820,-0.006395315,-0.019185679,0.011724034
1331769649855,0.010658237,-0.011724833,-0.0010663297
1331769649890,-0.004263721,0.00959244,0.0053289854
1331769649927,-0.007461112,0.004263188,-0.005329518
1331769649960,-0.008526909,-0.025580462,-0.0021321268
1331769649995,0.0031973913,0.029843649,0.0053289854
1331769650030,-0.004263721,-0.014922224,0.0053289854
1331769650067,-0.004263721,0.044765607,0.00959244
1331769650101,-0.0031979238,-0.05968783,-0.007461112
1331769650137,-0.005329518,0.0053289854,-0.0031979238
1331769650172,-0.005329518,0.07993824,0.0053289854
1331769650210,-0.017053818,0.044765607,-0.0010663297
1331769650241,0.0074605793,-0.13429762,0.00959244
1331769650276,-0.014922224,-0.075675584,-0.0031979238
1331769650313,0.011724034,0.057555705,0.011724034
1331769650347,0.00959244,-0.11404615,0.002131594
1331769650383,0.015987223,-0.11830986,0.040501885
1331769650428,0.0053289854,-0.061819427,0.040501885
1331769650620,0.008526376,-0.122573055,0.028777853
1331769650623,0.0074605793,-0.10765136,0.023448335
1331769650625,-0.021317273,0.06714814,0.014921425
1331769650742,0.004263188,-0.039436888,0.01705302
1331769650745,-0.014922224,-0.099124454,-0.015988022
1331769650760,-0.021317273,0.0031973913,0.002131594
1331769650762,0.057555705,0.13856028,0.0074605793
1331769650770,-0.0010663297,-0.04263428,-0.011724833
1331769650772,0.06501655,-0.062885754,0.014921425
1331769650872,0.022382537,0.059687298,0.02131674
1331769650873,0.018119348,0.14282346,0.02131674
1331769650875,0.00959244,-0.024514664,-0.014922224
1331769650876,-0.0021321268,0.09059701,0.001065797
1331769650908,-0.023448868,0.047962997,-0.004263721
1331769650943,-0.014922224,0.054358315,-0.010659036
1331769650978,-0.01811988,0.023448335,0.0053289854
1331769651014,-0.020251475,-0.050095126,-0.004263721
1331769651048,-0.013856427,0.028777853,-0.01279063
1331769651084,-0.034107372,0.029843649,0.0
1331769651204,-0.027712587,-0.027712587,-0.007461112
1331769651206,-0.021317273,-0.007461112,0.002131594
1331769651207,-0.007461112,-0.006395315,0.0063947826
1331769651273,-0.0010663297,-0.014922224,0.0
1331769651274,0.004263188,-0.004263721,-0.0010663297
1331769651336,0.0053289854,-0.036239497,-0.005329518
1331769651337,0.0127898315,-0.0010663297,-0.006395315
1331769651363,0.0063947826,0.027712055,0.004263188
1331769651398,0.00959244,-0.069280535,0.0053289854
1331769651433,0.013855628,0.004263188,0.00959244
1331769651470,-0.0031979238,0.00959244,0.0031973913
1331769651585,0.008526376,-0.036239497,0.0
1331769651588,0.011724034,0.013855628,0.001065797
1331769651673,-0.007461112,0.015987223,-0.009593239
1331769651675,0.0063947826,0.040501885,0.00959244
1331769651676,0.0031973913,-0.09166361,-0.01811988
1331769651793,0.008526376,0.100189716,0.0
1331769651796,0.0127898315,-0.0842025,-0.0031979238
1331769651796,0.01705302,0.038370293,-0.0021321268
1331769651797,0.0031973913,-0.041568484,0.0031973913
1331769651818,0.024514131,-0.0021321268,0.002131594
1331769651966,0.0053289854,-0.014922224,-0.0010663297
1331769651968,-0.005329518,-0.019185679,-0.014922224
1331769651973,0.0,0.013855628,-0.0010663297
1331769651974,-0.0021321268,-0.004263721,0.0031973913
1331769652059,-0.006395315,-0.06395155,0.0031973913
1331769652060,0.008526376,0.02557993,-0.0010663297
1331769652064,-0.01279063,-0.017053818,-0.007461112
1331769652099,0.023448335,0.019185146,0.0031973913
1331769652134,-0.007461112,-0.019185679,-0.007461112
1331769652169,-0.006395315,-0.024514664,0.0053289854
1331769652205,0.026645726,0.010658237,0.0127898315
1331769652240,0.030909447,-0.0021321268,-0.0010663297
1331769652277,0.014921425,-0.06395155,0.0063947826
1331769652311,0.02557993,0.004263188,0.0031973913
1331769652346,0.001065797,-0.02238307,0.0074605793
1331769652392,0.01705302,-0.04476614,0.008526376
1331769652531,-0.0010663297,0.0063947826,0.002131594
1331769652546,-0.007461112,-0.01279063,-0.0021321268
1331769652548,0.0053289854,-0.01811988,0.0031973913
1331769652550,-0.006395315,-0.040502686,-0.011724833
1331769652626,0.0031973913,-0.04263428,0.002131594
1331769652627,0.011724034,-0.03090998,-0.0031979238
1331769652629,0.0053289854,-0.031975776,-0.0031979238
1331769652661,0.01705302,-0.045831937,0.0
1331769652696,0.004263188,-0.01811988,-0.008526909
1331769652731,0.001065797,-0.0010663297,0.002131594
1331769652767,0.0053289854,-0.04796353,-0.0010663297
1331769652801,-0.0021321268,0.03943609,-0.0010663297
1331769652836,-0.006395315,-0.021317273,-0.006395315
1331769652871,0.0063947826,-0.0010663297,-0.0031979238
1331769652906,-0.0010663297,-0.024514664,-0.0021321268
1331769652942,0.020250943,-0.0010663297,0.0063947826
1331769652976,0.002131594,-0.067148946,-0.006395315
1331769653012,0.024514131,0.020250943,-0.0021321268
1331769653046,-0.0031979238,-0.02238307,-0.007461112
1331769653197,0.02131674,0.029843649,-0.01279063
1331769653198,0.010658237,-0.014922224,-0.007461112
1331769653199,0.024514131,0.06288496,-0.008526909
1331769653218,0.0127898315,-0.023448868,-0.009593239
1331769653265,0.028777853,0.040501885,-0.015988022
1331769653267,0.019185146,-0.0010663297,-0.023448868
1331769653291,0.019185146,0.06608235,-0.01279063
1331769653326,0.018119348,0.01705302,-0.009593239
1331769653367,0.0127898315,-0.054358847,-0.004263721
1331769653470,0.0127898315,-0.017053818,0.001065797
1331769653471,-0.037305295,-0.028778385,-0.015988022
1331769653472,-0.008526909,0.07887244,0.004263188
1331769653518,-0.050095126,-0.092729405,-0.021317273
1331769653538,-0.026646258,0.045831405,-0.014922224
1331769653571,-0.053292517,0.035172634,-0.014922224
1331769653606,-0.013856427,-0.05222672,-0.004263721
1331769653641,0.008526376,-0.1279023,-0.013856427
1331769653676,-0.035173167,-0.010659036,-0.01279063
1331769653717,0.00959244,-0.026646258,-0.029844182
1331769653746,0.0053289854,0.08953121,-0.0010663297
1331769653782,0.052226186,-0.041568484,-0.013856427
1331769653816,-0.008526909,-0.094861,-0.033041574
1331769653852,0.001065797,0.053291984,-0.01279063
1331769653888,0.0063947826,-0.0021321268,-0.026646258
1331769653922,0.004263188,-0.03837109,-0.033041574
1331769653957,-0.007461112,0.08526776,-0.019185679
1331769653993,0.011724034,-0.037305295,-0.034107372
1331769654029,0.002131594,0.014921425,-0.034107372
1331769654063,0.01705302,0.08633356,-0.03837109
1331769654100,0.024514131,0.071411334,-0.054358847
1331769654133,0.059687298,-0.1300339,-0.015988022
1331769654168,0.0948602,-0.13856082,-0.019185679
1331769654202,0.046897203,0.054358315,-0.013856427
1331769654239,0.061818894,-0.10125605,-0.026646258
1331769654273,0.044765607,-0.046897735,-0.033041574
1331769654311,0.001065797,0.02557993,-0.025580462
1331769654552,0.013855628,0.082070366,-0.05222672
1331769654556,-0.07034633,0.101255514,-0.036239497
1331769654652,0.02131674,-0.09166361,-0.054358847
1331769654665,0.0031973913,0.029843649,0.0031973913
1331769654666,-0.014922224,-0.110848755,-0.025580462
1331769654682,0.056489907,-0.0031979238,0.002131594
1331769654683,-0.07674138,-0.19291912,-0.025580462
1331769654688,0.037304495,-0.021317273,-0.029844182
1331769654688,-0.028778385,-0.099124454,-0.036239497
1331769654756,0.0127898315,-0.013856427,-0.01811988
1331769654757,-0.020251475,-0.023448868,-0.036239497
1331769654758,-0.015988022,-0.0021321268,-0.019185679
1331769654763,-0.046897735,-0.13749501,-0.009593239
1331769654799,0.046897203,-0.10338764,-0.0021321268
1331769654835,-0.06075363,-0.1875896,-0.027712587
1331769654870,0.0074605793,0.09699179,-0.02238307
1331769654905,0.0031973913,-0.007461112,-0.039436888
1331769654941,-0.007461112,0.004263188,-0.02238307
1331769654976,0.004263188,-0.04263428,-0.040502686
1331769655010,0.020250943,0.020250943,-0.025580462
1331769655046,-0.0031979238,-0.035173167,-0.020251475
1331769655080,0.02557993,0.001065797,-0.036239497
1331769655115,0.0063947826,0.0127898315,-0.028778385
1331769655150,0.018119348,0.035172634,-0.027712587
1331769655185,0.011724034,-0.010659036,-0.039436888
1331769655220,0.0074605793,0.100189716,-0.026646258
1331769655255,-0.0031979238,0.041567683,-0.036239497
1331769655290,0.001065797,0.09805759,-0.033041574
1331769655327,-0.009593239,0.011724034,-0.028778385
1331769655361,-0.0031979238,0.041567683,-0.037305295
1331769655477,-0.010659036,0.052226186,-0.029844182
1331769655563,-0.009593239,0.02557993,-0.025580462
1331769655565,0.0,0.07674085,-0.024514664
1331769655649,-0.023448868,0.059687298,-0.025580462
1331769655651,-0.033041574,-0.01279063,-0.024514664
1331769655656,-0.006395315,0.06288496,-0.014922224
1331769655657,-0.04476614,-0.01279063,-0.011724833
1331769655658,-0.006395315,-0.021317273,-0.007461112
1331769655711,-0.023448868,0.013855628,-0.01279063
1331769655712,-0.031975776,0.00959244,-0.008526909
1331769655746,-0.015988022,-0.03090998,-0.013856427
1331769655782,-0.027712587,0.02557993,-0.015988022
1331769655817,0.001065797,-0.021317273,0.002131594
1331769655851,0.0053289854,0.0031973913,0.0
1331769655886,-0.0010663297,-0.019185679,0.008526376
1331769655922,0.023448335,-0.006395315,-0.0010663297
1331769655956,0.004263188,0.019185146,0.002131594
1331769655993,0.0063947826,0.00959244,0.00959244
1331769656027,0.0127898315,-0.034107372,-0.0010663297
1331769656063,0.004263188,-0.023448868,0.0074605793
1331769656098,0.0127898315,-0.019185679,0.0053289854
1331769656133,0.010658237,-0.021317273,0.013855628
1331769656168,0.010658237,0.0031973913,0.008526376
1331769656203,0.001065797,-0.01279063,0.0031973913
1331769656238,0.0,0.011724034,0.00959244
1331769656273,-0.013856427,0.004263188,0.0031973913
1331769656307,0.004263188,-0.035173167,0.00959244
1331769656343,-0.005329518,0.015987223,0.010658237
1331769656378,0.01705302,-0.026646258,0.0063947826
1331769656423,-0.005329518,0.0063947826,0.008526376
1331769656542,0.010658237,0.004263188,0.0074605793
1331769656545,0.008526376,-0.0031979238,0.0053289854
1331769656547,-0.008526909,-0.01811988,0.0127898315
1331769656605,0.00959244,-0.01279063,0.00959244
1331769656607,0.0,-0.008526909,0.0127898315
1331769656622,0.0,0.0031973913,0.00959244
1331769656658,0.004263188,0.001065797,0.00959244
1331769656693,-0.0010663297,0.02557993,0.011724034
1331769656728,0.011724034,-0.03090998,0.010658237
1331769656763,0.011724034,0.014921425,0.008526376
1331769656798,0.0063947826,0.019185146,0.018119348
1331769656944,0.001065797,0.002131594,0.010658237
1331769656947,0.0053289854,0.0074605793,0.00959244
1331769656955,0.0063947826,0.026645726,0.011724034
1331769656956,-0.007461112,-0.007461112,0.0031973913
1331769657005,0.002131594,-0.0031979238,0.013855628
1331769657007,0.001065797,0.030909447,0.015987223
1331769657043,-0.020251475,-0.033041574,0.015987223
1331769657080,0.00959244,0.02557993,0.023448335
1331769657114,-0.013856427,0.029843649,0.010658237
1331769657149,-0.007461112,-0.007461112,0.019185146
1331769657184,0.004263188,-0.006395315,0.020250943
1331769657220,-0.014922224,-0.006395315,0.015987223
1331769657254,0.00959244,0.019185146,0.028777853
1331769657289,-0.0021321268,-0.0021321268,0.02131674
1331769657324,0.0053289854,-0.010659036,0.024514131
1331769657359,-0.004263721,0.015987223,0.014921425
1331769657405,-0.0021321268,0.020250943,0.022382537
1331769657442,-0.006395315,0.001065797,0.0127898315
1331769657572,0.0053289854,0.0063947826,0.01705302
1331769657574,-0.01811988,0.0074605793,0.01705302
1331769657575,-0.0031979238,0.0063947826,0.02131674
1331769657660,-0.019185679,-0.008526909,0.020250943
1331769657671,-0.0031979238,0.008526376,0.015987223
1331769657673,-0.010659036,0.01705302,0.020250943
1331769657675,-0.01811988,-0.0010663297,0.015987223
1331769657710,-0.0021321268,-0.033041574,0.013855628
1331769657745,-0.006395315,0.040501885,0.022382537
1331769657780,-0.025580462,0.0,0.018119348
1331769657815,-0.0031979238,-0.023448868,0.019185146
1331769657851,-0.021317273,-0.011724833,0.023448335
1331769657886,0.004263188,-0.004263721,0.011724034
1331769657920,-0.009593239,-0.021317273,0.013855628
1331769657956,-0.014922224,0.053291984,0.02131674
1331769657990,0.008526376,0.004263188,0.014921425
