1331756197000,1331756197000,40.115454,-88.225639,4.54,189.0,359.4,10.0,0.844,1405.6,22.5,8.82
1331756198000,1331756198000,40.115515,-88.225644,4.75,190.0,0.4,10.0,0.759,1357.7,23.7,7.71
1331756199000,1331756199000,40.115572,-88.225646,4.91,191.0,359.7,10.0,0.631,1300.2,24.0,6.47
1331756200000,1331756200000,40.115635,-88.225649,5.12,192.0,0.3,10.0,0.590,1259.9,24.5,5.49
1331756201000,1331756201000,40.115689,-88.225651,5.20,191.0,0.4,10.0,0.559,1218.4,24.7,4.31
1331756202000,1331756202000,40.115747,-88.225650,5.36,192.0,1.5,10.0,0.561,1207.7,25.0,4.31
1331756203000,1331756203000,40.115806,-88.225651,5.54,195.0,359.6,10.0,0.726,1345.3,25.0,7.06
1331756204000,1331756204000,40.115876,-88.225648,8.51,195.0,1.4,10.0,0.832,1542.7,26.0,9.02
1331756205000,1331756205000,40.115935,-88.225643,7.35,197.0,0.4,10.0,0.459,1157.5,25.7,2.48
1331756206000,1331756206000,40.115988,-88.225641,6.76,198.0,358.8,10.0,0.307,853.4,25.0,0.20
1331756207000,1331756207000,40.116047,-88.225639,7.41,199.0,359.7,10.0,0.287,757.0,24.5,0.39
1331756208000,1331756208000,40.116104,-88.225637,6.93,199.0,0.9,10.0,0.266,710.2,22.3,0.13
1331756209000,1331756209000,40.116156,-88.225636,5.68,198.0,0.2,10.0,0.256,690.5,19.0,0.20
1331756210000,1331756210000,40.116206,-88.225638,4.87,196.0,0.2,10.0,0.253,656.0,16.0,0.20
1331756211000,1331756211000,40.116240,-88.225636,2.72,187.0,359.3,10.0,0.255,616.6,9.3,NaN
1331756212000,1331756212000,40.116254,-88.225637,1.28,185.0,358.7,10.0,0.254,631.4,3.5,NaN
1331756213000,1331756213000,40.116254,-88.225637,0.00,185.0,358.7,10.0,0.250,631.8,0.7,NaN
1331756214000,1331756214000,40.116254,-88.225637,0.00,185.0,358.7,10.0,0.248,609.2,0.0,NaN
1331756215000,1331756215000,40.116254,-88.225637,0.00,185.0,358.7,10.0,0.247,597.0,0.0,NaN
1331756216000,1331756216000,40.116254,-88.225637,0.00,185.0,358.7,10.0,0.246,601.1,0.0,NaN
1331756217000,1331756217000,40.116254,-88.225637,0.00,185.0,358.7,10.0,0.326,681.5,0.0,1.37
1331756218000,1331756218000,40.116254,-88.225637,0.00,185.0,358.7,10.0,1.077,1374.2,2.3,9.54
1331756219000,1331756219000,40.116254,-88.225637,0.00,185.0,358.7,10.0,1.717,1863.6,8.5,17.84
1331756220000,1331756220000,40.116281,-88.225619,2.47,185.0,39.8,10.0,1.773,1945.0,15.0,19.22
1331756221000,1331756221000,40.116294,-88.225582,4.45,187.0,60.1,10.0,1.785,2028.9,20.5,19.22
1331756222000,1331756222000,40.116292,-88.225520,6.10,188.0,86.8,10.0,1.880,2195.3,25.0,20.65
1331756223000,1331756223000,40.116281,-88.225450,7.88,193.0,87.6,10.0,1.429,2141.9,29.0,15.49
1331756224000,1331756224000,40.116272,-88.225370,8.52,195.0,88.5,10.0,0.854,1633.6,30.5,5.88
1331756225000,1331756225000,40.116265,-88.225274,8.82,196.0,89.1,10.0,0.415,1151.1,30.0,NaN
1331756226000,1331756226000,40.116259,-88.225172,8.65,196.0,89.7,10.0,0.345,1007.5,29.0,NaN
1331756227000,1331756227000,40.116259,-88.225069,7.24,194.0,88.2,10.0,0.302,818.7,27.3,NaN
1331756228000,1331756228000,40.116258,-88.224964,7.02,191.0,89.6,10.0,0.273,748.2,24.5,0.20
1331756229000,1331756229000,40.116258,-88.224873,6.42,188.0,91.4,10.0,0.264,714.8,23.3,0.13
1331756230000,1331756230000,40.116258,-88.224769,6.30,184.0,92.0,10.0,0.579,1105.1,23.0,5.29
1331756231000,1331756231000,40.116259,-88.224676,6.61,183.0,91.1,10.0,0.579,1105.1,23.0,5.29
1331756232000,1331756232000,40.116259,-88.224583,7.17,185.0,92.1,10.0,1.017,1568.9,25.0,11.57
1331756233000,1331756233000,40.116258,-88.224489,8.02,187.0,90.6,10.0,0.608,1200.7,27.7,6.41
1331756234000,1331756234000,40.116259,-88.224397,7.61,187.0,90.7,10.0,0.285,810.1,27.5,NaN
1331756235000,1331756235000,40.116258,-88.224302,7.82,186.0,91.1,10.0,0.272,711.3,25.3,0.13
1331756236000,1331756236000,40.116260,-88.224222,6.00,186.0,92.1,10.0,0.263,685.2,23.0,NaN
1331756237000,1331756237000,40.116258,-88.224161,5.68,188.0,93.6,10.0,0.259,672.7,22.0,NaN
1331756238000,1331756238000,40.116239,-88.224103,5.92,187.0,118.2,10.0,0.444,948.2,22.0,3.14
1331756239000,1331756239000,40.116204,-88.224068,6.00,190.0,148.8,10.0,0.898,1411.7,23.0,9.02
1331756240000,1331756240000,40.116160,-88.224059,6.65,190.0,171.4,10.0,1.224,1671.6,25.0,13.92
1331756241000,1331756241000,40.116114,-88.224055,7.28,190.0,173.3,10.0,1.302,1729.0,27.0,14.90
1331756242000,1331756242000,40.116048,-88.224053,8.16,191.0,175.5,10.0,1.241,1712.4,29.5,13.92
1331756243000,1331756243000,40.115971,-88.224052,9.00,188.0,177.1,10.0,0.943,1579.4,32.0,10.39
1331756244000,1331756244000,40.115887,-88.224050,9.20,187.0,178.1,10.0,0.448,1139.2,33.0,2.61
1331756245000,1331756245000,40.115805,-88.224051,8.92,188.0,179.4,10.0,0.341,900.4,33.0,0.20
1331756246000,1331756246000,40.115716,-88.224050,9.91,188.0,178.6,10.0,0.395,931.9,33.5,0.20
1331756247000,1331756247000,40.115626,-88.224046,10.28,189.0,177.8,10.0,0.409,961.2,34.0,0.13
1331756248000,1331756248000,40.115538,-88.224044,9.24,187.0,178.4,10.0,0.416,963.5,34.0,0.20
1331756249000,1331756249000,40.115451,-88.224045,9.43,187.0,179.2,10.0,0.421,963.7,33.7,0.13
1331756250000,1331756250000,40.115358,-88.224043,9.48,187.0,179.6,10.0,0.421,956.2,33.0,0.39
1331756251000,1331756251000,40.115273,-88.224045,8.90,188.0,180.4,10.0,0.420,964.0,33.5,0.20
1331756252000,1331756252000,40.115185,-88.224045,9.43,191.0,179.9,10.0,0.415,982.4,34.0,0.13
1331756253000,1331756253000,40.115098,-88.224046,9.32,190.0,179.9,10.0,0.415,976.7,33.5,0.20
1331756254000,1331756254000,40.115010,-88.224049,9.58,193.0,180.2,10.0,0.422,968.9,33.0,0.20
1331756255000,1331756255000,40.114924,-88.224049,9.14,195.0,179.3,10.0,0.417,964.0,32.7,0.13
1331756256000,1331756256000,40.114837,-88.224049,9.21,196.0,179.2,10.0,0.421,971.0,31.0,NaN
1331756257000,1331756257000,40.114759,-88.224051,8.25,195.0,180.4,10.0,0.415,955.3,27.3,0.13
1331756258000,1331756258000,40.114698,-88.224048,6.88,195.0,179.2,10.0,0.366,908.5,22.0,0.20
1331756259000,1331756259000,40.114659,-88.224044,4.94,192.0,179.1,10.0,0.312,773.2,16.3,NaN
1331756260000,1331756260000,40.114637,-88.224040,3.31,192.0,179.3,10.0,0.280,744.5,11.0,0.20
1331756261000,1331756261000,40.114622,-88.224034,2.01,185.0,178.0,10.0,0.554,979.9,6.3,3.53
1331756262000,1331756262000,40.114622,-88.224034,0.00,185.0,178.0,10.0,0.693,1081.7,5.0,5.10
1331756263000,1331756263000,40.114622,-88.224034,0.00,185.0,178.0,10.0,0.693,1081.7,5.0,5.10
1331756264000,1331756264000,40.114543,-88.224040,2.11,184.0,176.4,10.0,1.415,1734.7,9.3,14.90
1331756265000,1331756265000,40.114500,-88.224036,3.80,184.0,177.3,10.0,1.658,1923.4,16.5,18.82
1331756266000,1331756266000,40.114452,-88.224030,5.32,182.0,177.6,10.0,1.747,2039.7,20.5,20.00
1331756267000,1331756267000,40.114391,-88.224019,6.97,184.0,178.7,10.0,1.667,2123.8,25.0,19.22
1331756268000,1331756268000,40.114322,-88.224010,7.92,187.0,178.2,10.0,1.490,2109.2,29.0,16.67
1331756269000,1331756269000,40.114226,-88.223994,8.81,189.0,178.9,10.0,1.173,1736.8,31.7,12.94
1331756270000,1331756270000,40.114140,-88.223988,9.62,193.0,178.6,10.0,0.459,1109.9,33.0,3.33
1331756271000,1331756271000,40.114052,-88.223953,11.82,195.0,163.0,10.0,0.285,850.6,32.5,0.20
1331756272000,1331756272000,40.113979,-88.223929,10.84,193.0,163.8,10.0,0.267,748.7,30.3,0.13
1331756273000,1331756273000,40.113932,-88.223949,6.40,192.0,181.9,10.0,0.263,727.6,29.5,NaN
1331756274000,1331756274000,40.113865,-88.223966,7.95,192.0,180.9,10.0,0.256,676.1,26.7,0.13
1331756275000,1331756275000,40.113807,-88.223981,6.80,194.0,179.9,10.0,0.254,687.6,22.0,NaN
1331756276000,1331756276000,40.113749,-88.223995,6.32,195.0,179.1,10.0,0.255,657.1,17.0,0.20
1331756277000,1331756277000,40.113705,-88.224007,4.73,196.0,180.1,10.0,0.257,678.5,13.0,0.13
1331756278000,1331756278000,40.113676,-88.224015,3.04,195.0,176.5,10.0,0.789,1220.0,12.0,7.06
1331756279000,1331756279000,40.113645,-88.224019,2.80,189.0,179.1,10.0,0.789,1220.0,12.0,7.06
1331756280000,1331756280000,40.113601,-88.224020,4.38,187.0,177.9,10.0,1.183,1690.0,15.7,13.20
1331756281000,1331756281000,40.113551,-88.224021,5.09,187.0,177.2,10.0,0.896,1615.5,18.5,10.39
1331756282000,1331756282000,40.113505,-88.224024,5.76,185.0,177.1,10.0,0.672,1435.0,19.7,5.88
1331756283000,1331756283000,40.113462,-88.224026,5.60,188.0,176.8,10.0,0.410,1100.7,20.0,1.96
1331756284000,1331756284000,40.113425,-88.224030,5.75,190.0,176.0,10.0,0.576,1159.9,20.0,5.10
1331756285000,1331756285000,40.113387,-88.224029,5.66,186.0,176.7,10.0,0.485,1019.9,20.5,3.14
1331756286000,1331756286000,40.113336,-88.224028,6.39,184.0,177.5,10.0,0.485,1019.9,20.5,3.14
1331756287000,1331756287000,40.113286,-88.224027,5.65,181.0,178.5,10.0,0.293,793.1,19.7,NaN
1331756288000,1331756288000,40.113232,-88.224024,5.35,179.0,179.2,10.0,0.274,691.6,16.5,NaN
1331756289000,1331756289000,40.113195,-88.224026,3.98,179.0,180.6,10.0,0.263,648.6,13.5,NaN
1331756290000,1331756290000,40.113165,-88.224027,3.00,178.0,182.2,10.0,0.382,830.2,10.0,1.83
1331756291000,1331756291000,40.113138,-88.224026,2.77,177.0,179.9,10.0,0.778,1301.4,10.5,7.65
1331756292000,1331756292000,40.113104,-88.224024,3.56,177.0,179.3,10.0,1.003,1531.2,13.5,10.39
1331756293000,1331756293000,40.113066,-88.224024,4.25,176.0,179.8,10.0,1.135,1666.4,16.5,11.76
1331756294000,1331756294000,40.113021,-88.224022,5.17,177.0,180.3,10.0,1.316,1840.1,19.5,14.12
1331756295000,1331756295000,40.112961,-88.224018,6.28,177.0,179.6,10.0,0.894,1560.1,22.0,7.84
1331756296000,1331756296000,40.112903,-88.224016,5.86,179.0,178.7,10.0,0.299,855.7,22.3,0.13
1331756297000,1331756297000,40.112848,-88.224031,5.95,182.0,195.1,10.0,0.271,638.6,21.5,NaN
1331756298000,1331756298000,40.112809,-88.224062,4.50,183.0,223.0,10.0,0.689,1097.0,21.0,3.14
1331756299000,1331756299000,40.112786,-88.224121,5.71,186.0,248.0,10.0,1.684,1864.9,22.5,13.92
1331756300000,1331756300000,40.112777,-88.224200,7.07,185.0,263.8,10.0,2.350,2157.3,27.0,24.84
1331756301000,1331756301000,40.112770,-88.224287,7.95,186.0,265.2,10.0,2.291,2145.0,31.0,26.08
1331756302000,1331756302000,40.112764,-88.224397,9.39,185.0,265.8,10.0,2.072,2070.4,33.5,24.90
1331756303000,1331756303000,40.112759,-88.224512,9.56,185.0,266.7,10.0,0.880,1292.1,34.7,8.24
1331756304000,1331756304000,40.112755,-88.224630,9.66,181.0,267.4,10.0,0.340,857.4,34.0,0.39
1331756305000,1331756305000,40.112751,-88.224753,9.93,182.0,267.6,10.0,0.391,937.6,33.5,0.39
1331756306000,1331756306000,40.112748,-88.224870,8.77,183.0,267.3,10.0,0.407,942.2,29.7,0.13
1331756307000,1331756307000,40.112743,-88.224988,7.64,188.0,267.8,10.0,0.388,939.4,24.0,0.20
1331756308000,1331756308000,40.112741,-88.225073,6.07,190.0,267.4,10.0,0.336,854.9,19.0,0.39
1331756309000,1331756309000,40.112741,-88.225134,4.45,190.0,268.4,10.0,0.293,749.0,12.3,0.13
1331756310000,1331756310000,40.112744,-88.225171,2.75,190.0,269.3,10.0,0.273,727.5,7.0,NaN
1331756311000,1331756311000,40.112744,-88.225171,0.00,190.0,269.3,10.0,0.269,668.9,3.5,NaN
1331756312000,1331756312000,40.112744,-88.225171,0.00,190.0,269.3,10.0,0.256,651.4,1.0,0.20
1331756313000,1331756313000,40.112744,-88.225171,0.00,190.0,269.3,10.0,0.243,619.4,0.0,0.13
1331756314000,1331756314000,40.112744,-88.225171,0.00,190.0,269.3,10.0,0.241,618.7,0.0,NaN
1331756315000,1331756315000,40.112744,-88.225171,0.00,190.0,269.3,10.0,0.242,612.5,0.0,0.13
1331756316000,1331756316000,40.112744,-88.225171,0.00,190.0,269.3,10.0,0.241,599.9,0.0,0.39
1331756317000,1331756317000,40.112744,-88.225171,0.00,190.0,269.3,10.0,0.240,589.5,0.0,0.13
1331756318000,1331756318000,40.112744,-88.225171,0.00,190.0,269.3,10.0,0.239,600.9,0.0,NaN
1331756319000,1331756319000,40.112744,-88.225171,0.00,190.0,269.3,10.0,0.251,664.2,0.0,NaN
1331756320000,1331756320000,40.112744,-88.225171,0.00,190.0,269.3,10.0,0.268,707.9,0.5,NaN
1331756321000,1331756321000,40.112744,-88.225171,0.00,190.0,269.3,10.0,0.271,686.9,1.0,NaN
1331756322000,1331756322000,40.112744,-88.225171,0.00,190.0,269.3,10.0,0.739,1188.5,3.3,6.93
1331756323000,1331756323000,40.112744,-88.225171,0.00,190.0,269.3,10.0,1.125,1574.0,8.0,12.35
1331756324000,1331756324000,40.112759,-88.225310,2.92,192.0,274.5,10.0,0.867,1366.1,11.0,9.61
1331756325000,1331756325000,40.112762,-88.225340,3.49,197.0,272.5,10.0,0.387,951.5,12.0,2.09
1331756326000,1331756326000,40.112765,-88.225359,3.66,192.0,270.2,10.0,0.285,776.5,11.5,NaN
1331756327000,1331756327000,40.112768,-88.225384,2.80,192.0,272.5,10.0,0.271,717.9,10.0,NaN
1331756328000,1331756328000,40.112770,-88.225417,2.73,192.0,268.6,10.0,0.260,674.1,8.3,0.13
1331756329000,1331756329000,40.112770,-88.225417,0.00,192.0,268.6,10.0,0.254,650.0,8.0,NaN
1331756330000,1331756330000,40.112770,-88.225417,0.00,192.0,268.6,10.0,0.485,998.0,9.0,3.92
1331756331000,1331756331000,40.112773,-88.225501,3.49,191.0,265.6,10.0,0.735,1344.7,11.0,7.84
1331756332000,1331756332000,40.112771,-88.225550,3.99,189.0,265.7,10.0,0.450,1017.7,13.7,2.61
1331756333000,1331756333000,40.112778,-88.225589,3.28,190.0,281.1,10.0,0.279,702.9,15.0,0.20
1331756334000,1331756334000,40.112794,-88.225628,3.75,193.0,296.1,10.0,0.393,927.5,14.5,2.35
1331756335000,1331756335000,40.112813,-88.225663,3.41,192.0,299.8,10.0,0.571,1239.7,14.5,5.29
1331756336000,1331756336000,40.112852,-88.225671,4.09,188.0,344.3,10.0,0.764,1417.2,15.7,7.84
1331756337000,1331756337000,40.112896,-88.225664,4.78,186.0,2.6,10.0,0.911,1569.7,17.5,9.80
1331756338000,1331756338000,40.112940,-88.225660,5.12,186.0,3.5,10.0,0.920,1618.9,19.0,10.20
1331756339000,1331756339000,40.112995,-88.225655,6.06,186.0,3.9,10.0,0.939,1685.2,21.0,10.33
1331756340000,1331756340000,40.113050,-88.225647,6.36,187.0,2.7,10.0,0.880,1733.7,22.5,9.41
1331756341000,1331756341000,40.113109,-88.225635,6.79,189.0,0.8,10.0,0.588,1326.7,23.5,7.25
1331756342000,1331756342000,40.113173,-88.225620,6.65,190.0,0.6,10.0,0.337,848.5,24.0,3.14
1331756343000,1331756343000,40.113236,-88.225605,6.26,189.0,1.4,10.0,0.272,738.6,22.0,NaN
1331756344000,1331756344000,40.113297,-88.225598,5.82,183.0,0.2,10.0,0.255,696.4,20.0,NaN
1331756345000,1331756345000,40.113360,-88.225591,5.65,178.0,0.2,10.0,0.253,686.7,19.7,NaN
1331756346000,1331756346000,40.113422,-88.225586,5.74,176.0,0.3,10.0,0.253,700.2,20.0,NaN
1331756347000,1331756347000,40.113490,-88.225580,6.70,176.0,1.9,10.0,0.251,667.5,20.0,NaN
1331756348000,1331756348000,40.113538,-88.225578,4.63,176.0,358.4,10.0,0.251,637.4,19.5,NaN
1331756349000,1331756349000,40.113595,-88.225572,5.77,175.0,4.5,10.0,0.248,663.7,18.3,NaN
1331756350000,1331756350000,40.113642,-88.225570,4.69,176.0,2.5,10.0,0.246,664.4,17.0,0.20
1331756351000,1331756351000,40.113677,-88.225571,3.86,176.0,1.2,10.0,0.248,669.1,14.0,0.13
1331756352000,1331756352000,40.113697,-88.225568,3.72,182.0,0.4,10.0,0.250,687.4,10.0,NaN
1331756353000,1331756353000,40.113702,-88.225561,2.01,188.0,1.8,10.0,0.251,630.1,6.5,NaN
1331756354000,1331756354000,40.113702,-88.225561,0.00,188.0,1.8,10.0,0.255,597.2,4.7,0.13
1331756355000,1331756355000,40.113702,-88.225561,0.00,188.0,1.8,10.0,0.271,652.5,5.0,0.39
1331756356000,1331756356000,40.113702,-88.225561,0.00,188.0,1.8,10.0,0.328,773.1,5.3,1.44
1331756357000,1331756357000,40.113702,-88.225561,0.00,188.0,1.8,10.0,0.381,899.2,6.5,0.98
1331756358000,1331756358000,40.113702,-88.225561,0.00,188.0,1.8,10.0,0.288,719.7,6.7,NaN
1331756359000,1331756359000,40.113702,-88.225561,0.00,188.0,1.8,10.0,0.265,682.9,5.5,0.20
1331756360000,1331756360000,40.113777,-88.225513,1.47,198.0,10.0,10.0,0.260,648.7,3.0,0.20
1331756361000,1331756361000,40.113777,-88.225513,0.00,198.0,10.0,10.0,0.252,613.9,0.3,NaN
1331756362000,1331756362000,40.113777,-88.225513,0.00,198.0,10.0,10.0,0.253,602.9,0.0,NaN
1331756363000,1331756363000,40.113777,-88.225513,0.00,198.0,10.0,10.0,0.249,681.4,0.0,NaN
1331756364000,1331756364000,40.113777,-88.225513,0.00,198.0,10.0,10.0,0.247,730.2,0.0,NaN
1331756365000,1331756365000,40.113777,-88.225513,0.00,198.0,10.0,10.0,0.247,721.5,0.0,0.13
1331756366000,1331756366000,40.113777,-88.225513,0.00,198.0,10.0,10.0,0.248,713.1,0.0,0.39
1331756367000,1331756367000,40.113777,-88.225513,0.00,198.0,10.0,10.0,0.247,722.5,0.0,0.26
1331756368000,1331756368000,40.113777,-88.225513,0.00,198.0,10.0,10.0,0.246,700.5,0.0,0.20
1331756369000,1331756369000,40.113777,-88.225513,0.00,198.0,10.0,10.0,0.246,686.4,0.0,NaN
1331756370000,1331756370000,40.113777,-88.225513,0.00,198.0,10.0,10.0,0.246,687.7,0.0,NaN
1331756371000,1331756371000,40.113777,-88.225513,0.00,198.0,10.0,10.0,0.246,697.9,0.0,NaN
1331756372000,1331756372000,40.113777,-88.225513,0.00,198.0,10.0,10.0,0.246,703.1,0.0,NaN
1331756373000,1331756373000,40.113777,-88.225513,0.00,198.0,10.0,10.0,0.245,703.6,0.0,NaN
1331756374000,1331756374000,40.113777,-88.225513,0.00,198.0,10.0,10.0,0.245,688.5,0.0,NaN
1331756375000,1331756375000,40.113777,-88.225513,0.00,198.0,10.0,10.0,0.245,688.5,0.0,NaN
1331756376000,1331756376000,40.113777,-88.225513,0.00,198.0,10.0,10.0,0.245,680.7,0.0,NaN
1331756377000,1331756377000,40.113777,-88.225513,0.00,198.0,10.0,10.0,0.245,688.0,0.0,NaN
1331756378000,1331756378000,40.113777,-88.225513,0.00,198.0,10.0,10.0,0.245,682.0,0.0,NaN
1331756379000,1331756379000,40.113777,-88.225513,0.00,198.0,10.0,10.0,0.245,677.1,0.0,0.13
1331756380000,1331756380000,40.113777,-88.225513,0.00,198.0,10.0,10.0,0.245,690.4,0.0,0.20
1331756381000,1331756381000,40.113777,-88.225513,0.00,198.0,10.0,10.0,0.245,699.4,0.0,0.20
1331756382000,1331756382000,40.113777,-88.225513,0.00,198.0,10.0,10.0,0.245,709.2,0.0,0.26
1331756383000,1331756383000,40.113777,-88.225513,0.00,198.0,10.0,10.0,0.245,708.4,0.0,0.20
1331756384000,1331756384000,40.113777,-88.225513,0.00,198.0,10.0,10.0,0.244,681.4,0.0,NaN
1331756385000,1331756385000,40.113777,-88.225513,0.00,198.0,10.0,10.0,0.244,688.7,0.0,NaN
1331756386000,1331756386000,40.113777,-88.225513,0.00,198.0,10.0,10.0,0.244,697.8,0.0,0.13
1331756387000,1331756387000,40.113777,-88.225513,0.00,198.0,10.0,10.0,0.244,698.0,0.0,0.20
1331756388000,1331756388000,40.113777,-88.225513,0.00,198.0,10.0,10.0,0.254,691.5,0.0,0.26
1331756389000,1331756389000,40.113777,-88.225513,0.00,198.0,10.0,10.0,0.269,705.1,0.0,0.39
1331756390000,1331756390000,40.113777,-88.225513,0.00,198.0,10.0,10.0,0.267,723.8,0.0,0.13
1331756391000,1331756391000,40.113777,-88.225513,0.00,198.0,10.0,10.0,0.263,728.6,0.0,NaN
1331756392000,1331756392000,40.113777,-88.225513,0.00,198.0,10.0,10.0,0.260,731.0,0.0,NaN
1331756393000,1331756393000,40.113777,-88.225513,0.00,198.0,10.0,10.0,0.261,728.5,0.0,NaN
1331756394000,1331756394000,40.113777,-88.225513,0.00,198.0,10.0,10.0,0.256,716.6,0.0,NaN
1331756395000,1331756395000,40.113777,-88.225513,0.00,198.0,10.0,10.0,0.256,716.6,0.0,NaN
1331756396000,1331756396000,40.113777,-88.225513,0.00,198.0,10.0,10.0,0.253,720.9,0.0,0.26
1331756397000,1331756397000,40.113777,-88.225513,0.00,198.0,10.0,10.0,0.254,730.4,0.0,0.39
1331756398000,1331756398000,40.113777,-88.225513,0.00,198.0,10.0,10.0,0.254,724.1,0.0,0.13
1331756399000,1331756399000,40.113777,-88.225513,0.00,198.0,10.0,10.0,0.253,723.1,0.0,NaN
1331756400000,1331756400000,40.113777,-88.225513,0.00,198.0,10.0,10.0,0.252,719.9,0.0,NaN
1331756401000,1331756401000,40.113777,-88.225513,0.00,198.0,10.0,10.0,0.252,728.9,0.0,0.20
1331756402000,1331756402000,40.113777,-88.225513,0.00,198.0,10.0,10.0,0.252,728.9,0.0,0.20
1331756403000,1331756403000,40.113777,-88.225513,0.00,198.0,10.0,10.0,0.251,727.2,0.0,0.39
1331756404000,1331756404000,40.113777,-88.225513,0.00,198.0,10.0,10.0,0.252,705.8,0.0,0.26
1331756405000,1331756405000,40.113777,-88.225513,0.00,198.0,10.0,10.0,0.254,698.6,0.0,0.20
1331756406000,1331756406000,40.113777,-88.225513,0.00,198.0,10.0,10.0,0.252,701.2,0.0,0.20
1331756407000,1331756407000,40.113777,-88.225513,0.00,198.0,10.0,10.0,0.248,709.2,0.0,0.13
1331756408000,1331756408000,40.113777,-88.225513,0.00,198.0,10.0,10.0,0.245,692.5,0.0,0.39
1331756409000,1331756409000,40.113777,-88.225513,0.00,198.0,10.0,10.0,0.246,695.6,0.0,0.26
1331756410000,1331756410000,40.113777,-88.225513,0.00,198.0,10.0,10.0,0.245,700.1,0.0,NaN
1331756411000,1331756411000,40.113777,-88.225513,0.00,198.0,10.0,10.0,0.245,707.4,0.0,NaN
1331756412000,1331756412000,40.113777,-88.225513,0.00,198.0,10.0,10.0,0.245,705.4,0.0,0.13
1331756413000,1331756413000,40.113777,-88.225513,0.00,198.0,10.0,10.0,0.245,696.7,0.0,NaN
1331756414000,1331756414000,40.113777,-88.225513,0.00,198.0,10.0,10.0,0.246,683.1,0.0,NaN
1331756415000,1331756415000,40.113777,-88.225513,0.00,198.0,10.0,10.0,0.245,699.4,0.0,0.20
1331756416000,1331756416000,40.113777,-88.225513,0.00,198.0,10.0,10.0,0.245,695.2,0.0,0.20
1331756417000,1331756417000,40.113777,-88.225513,0.00,198.0,10.0,10.0,0.246,671.8,0.0,NaN
1331756418000,1331756418000,40.113777,-88.225513,0.00,198.0,10.0,10.0,0.246,684.7,0.0,NaN
1331756419000,1331756419000,40.113777,-88.225513,0.00,198.0,10.0,10.0,0.245,717.2,0.0,0.20
1331756420000,1331756420000,40.113777,-88.225513,0.00,198.0,10.0,10.0,0.245,712.7,0.0,0.20
1331756421000,1331756421000,40.113777,-88.225513,0.00,198.0,10.0,10.0,0.246,700.3,0.0,NaN
1331756422000,1331756422000,40.113777,-88.225513,0.00,198.0,10.0,10.0,0.247,692.6,0.0,NaN
1331756423000,1331756423000,40.113777,-88.225513,0.00,198.0,10.0,10.0,0.246,700.0,0.0,NaN
1331756424000,1331756424000,40.113777,-88.225513,0.00,198.0,10.0,10.0,0.249,691.1,0.0,0.13
1331756425000,1331756425000,40.113777,-88.225513,0.00,198.0,10.0,10.0,0.253,717.4,0.0,NaN
1331756426000,1331756426000,40.113777,-88.225513,0.00,198.0,10.0,10.0,0.252,731.1,0.0,NaN
1331756427000,1331756427000,40.113777,-88.225513,0.00,198.0,10.0,10.0,0.252,731.1,0.0,NaN
1331756428000,1331756428000,40.113777,-88.225513,0.00,198.0,10.0,10.0,0.253,714.0,0.0,0.13
1331756429000,1331756429000,40.113777,-88.225513,0.00,198.0,10.0,10.0,0.252,711.1,0.0,0.20
1331756430000,1331756430000,40.113777,-88.225513,0.00,198.0,10.0,10.0,0.253,715.1,0.0,0.13
1331756431000,1331756431000,40.113777,-88.225513,0.00,198.0,10.0,10.0,0.252,723.9,0.0,0.20
1331756432000,1331756432000,40.113777,-88.225513,0.00,198.0,10.0,10.0,0.253,720.6,0.0,0.20
1331756433000,1331756433000,40.113777,-88.225513,0.00,198.0,10.0,10.0,0.253,710.8,0.0,0.26
1331756434000,1331756434000,40.113777,-88.225513,0.00,198.0,10.0,10.0,0.252,710.7,0.0,0.39
1331756435000,1331756435000,40.113777,-88.225513,0.00,198.0,10.0,10.0,0.253,715.8,0.0,0.26
1331756436000,1331756436000,40.113777,-88.225513,0.00,198.0,10.0,10.0,0.253,702.6,0.0,0.20
1331756437000,1331756437000,40.113777,-88.225513,0.00,198.0,10.0,10.0,0.251,702.4,0.0,0.13
1331756438000,1331756438000,40.113777,-88.225513,0.00,198.0,10.0,10.0,0.247,698.7,0.0,0.20
1331756439000,1331756439000,40.113777,-88.225513,0.00,198.0,10.0,10.0,0.246,715.1,0.0,NaN
1331756440000,1331756440000,40.113777,-88.225513,0.00,198.0,10.0,10.0,0.246,712.5,0.0,0.13
1331756441000,1331756441000,40.113777,-88.225513,0.00,198.0,10.0,10.0,0.247,698.4,0.0,0.39
1331756442000,1331756442000,40.113777,-88.225513,0.00,198.0,10.0,10.0,0.246,701.1,0.0,0.13
1331756443000,1331756443000,40.113777,-88.225513,0.00,198.0,10.0,10.0,0.246,700.2,0.0,NaN
1331756444000,1331756444000,40.113777,-88.225513,0.00,198.0,10.0,10.0,0.246,695.0,0.0,NaN
1331756445000,1331756445000,40.113777,-88.225513,0.00,198.0,10.0,10.0,0.246,695.2,0.0,NaN
1331756446000,1331756446000,40.113777,-88.225513,0.00,198.0,10.0,10.0,0.246,694.5,0.0,NaN
1331756447000,1331756447000,40.113777,-88.225513,0.00,198.0,10.0,10.0,0.246,718.7,0.0,NaN
1331756448000,1331756448000,40.113777,-88.225513,0.00,198.0,10.0,10.0,0.246,710.1,0.0,NaN
1331756449000,1331756449000,40.113777,-88.225513,0.00,198.0,10.0,10.0,0.245,704.7,0.0,0.13
1331756450000,1331756450000,40.113777,-88.225513,0.00,198.0,10.0,10.0,0.246,682.5,0.0,NaN
1331756451000,1331756451000,40.113777,-88.225513,0.00,198.0,10.0,10.0,0.246,691.1,0.0,NaN
1331756452000,1331756452000,40.113777,-88.225513,0.00,198.0,10.0,10.0,0.245,699.2,0.0,0.13
1331756453000,1331756453000,40.113777,-88.225513,0.00,198.0,10.0,10.0,0.245,697.6,0.0,NaN
1331756454000,1331756454000,40.113777,-88.225513,0.00,198.0,10.0,10.0,0.246,716.4,0.0,NaN
1331756455000,1331756455000,40.113777,-88.225513,0.00,198.0,10.0,10.0,0.246,711.7,0.0,NaN
1331756456000,1331756456000,40.113777,-88.225513,0.00,198.0,10.0,10.0,0.245,698.2,0.0,0.13
1331756457000,1331756457000,40.113777,-88.225513,0.00,198.0,10.0,10.0,0.245,706.5,0.0,NaN
1331756458000,1331756458000,40.113777,-88.225513,0.00,198.0,10.0,10.0,0.245,710.3,0.0,NaN
1331756459000,1331756459000,40.113777,-88.225513,0.00,198.0,10.0,10.0,0.246,703.7,0.0,NaN
1331756460000,1331756460000,40.113777,-88.225513,0.00,198.0,10.0,10.0,0.245,695.0,0.0,NaN
1331756461000,1331756461000,40.113777,-88.225513,0.00,198.0,10.0,10.0,0.245,699.9,0.0,NaN
1331756462000,1331756462000,40.113777,-88.225513,0.00,198.0,10.0,10.0,0.246,707.6,0.0,0.20
1331756463000,1331756463000,40.113777,-88.225513,0.00,198.0,10.0,10.0,0.246,698.3,0.0,0.26
1331756464000,1331756464000,40.113777,-88.225513,0.00,198.0,10.0,10.0,0.245,679.6,0.0,NaN
1331756465000,1331756465000,40.113777,-88.225513,0.00,198.0,10.0,10.0,0.244,707.3,0.0,NaN
1331756466000,1331756466000,40.113777,-88.225513,0.00,198.0,10.0,10.0,0.245,726.2,0.0,NaN
1331756467000,1331756467000,40.113777,-88.225513,0.00,198.0,10.0,10.0,0.246,691.2,0.0,NaN
1331756468000,1331756468000,40.113777,-88.225513,0.00,198.0,10.0,10.0,0.677,1111.7,1.5,5.69
1331756469000,1331756469000,40.113777,-88.225513,0.00,198.0,10.0,10.0,1.037,1554.4,4.5,10.39
1331756470000,1331756470000,40.113777,-88.225513,0.00,198.0,10.0,10.0,0.971,1494.0,9.0,9.41
1331756471000,1331756471000,40.113867,-88.225515,2.98,185.0,354.7,10.0,0.960,1510.0,13.0,9.41
1331756472000,1331756472000,40.113901,-88.225514,4.17,186.0,355.5,10.0,0.892,1536.1,16.3,8.50
1331756473000,1331756473000,40.113946,-88.225515,4.58,187.0,355.9,10.0,0.792,1519.2,18.5,6.67
1331756474000,1331756474000,40.113995,-88.225513,5.09,187.0,358.0,10.0,0.530,1275.7,19.3,2.75
1331756475000,1331756475000,40.114050,-88.225502,5.64,187.0,5.4,10.0,0.376,968.7,20.0,NaN
1331756476000,1331756476000,40.114103,-88.225482,5.64,188.0,5.4,10.0,0.332,854.5,19.3,NaN
1331756477000,1331756477000,40.114151,-88.225471,5.14,189.0,357.0,10.0,0.299,763.2,18.0,NaN
1331756478000,1331756478000,40.114196,-88.225463,4.32,188.0,359.1,10.0,0.279,713.2,14.7,0.13
1331756479000,1331756479000,40.114234,-88.225459,3.41,188.0,359.1,10.0,0.273,701.9,13.5,0.20
1331756480000,1331756480000,40.114234,-88.225459,0.00,188.0,359.1,10.0,0.264,710.1,10.0,0.26
1331756481000,1331756481000,40.114234,-88.225459,0.00,188.0,359.1,10.0,0.259,633.0,5.3,0.26
1331756482000,1331756482000,40.114234,-88.225459,0.00,188.0,359.1,10.0,0.250,610.0,2.0,0.20
1331756483000,1331756483000,40.114234,-88.225459,0.00,188.0,359.1,10.0,0.283,613.2,1.0,0.39
1331756484000,1331756484000,40.114234,-88.225459,0.00,188.0,359.1,10.0,0.670,1139.5,3.7,6.41
1331756485000,1331756485000,40.114234,-88.225459,0.00,188.0,359.1,10.0,0.824,1387.4,7.5,9.41
1331756486000,1331756486000,40.114337,-88.225443,0.00,186.0,359.1,10.0,0.697,1254.4,9.5,7.84
1331756487000,1331756487000,40.114337,-88.225443,0.00,186.0,359.1,10.0,0.395,901.7,10.0,2.09
1331756488000,1331756488000,40.114337,-88.225443,0.00,186.0,359.1,10.0,0.271,696.1,8.0,NaN
1331756489000,1331756489000,40.114337,-88.225443,0.00,186.0,359.1,10.0,0.264,635.3,4.7,NaN
1331756490000,1331756490000,40.114337,-88.225443,0.00,186.0,359.1,10.0,0.335,648.4,3.0,0.39
1331756491000,1331756491000,40.114337,-88.225443,0.00,186.0,359.1,10.0,0.604,987.7,4.0,4.12
1331756492000,1331756492000,40.114453,-88.225425,0.00,209.0,359.1,10.0,0.824,1353.7,7.3,7.84
1331756493000,1331756493000,40.114481,-88.225424,2.53,213.0,344.1,10.0,0.849,1364.4,9.5,8.04
1331756494000,1331756494000,40.114506,-88.225427,2.82,215.0,340.2,10.0,0.849,1418.5,12.0,8.50
1331756495000,1331756495000,40.114506,-88.225427,0.00,215.0,340.2,10.0,0.861,1484.7,15.0,8.63
1331756496000,1331756496000,40.114506,-88.225427,0.00,215.0,340.2,10.0,1.026,1613.7,17.0,10.00
1331756497000,1331756497000,40.114506,-88.225427,0.00,215.0,340.2,10.0,0.970,1649.0,19.0,9.54
1331756498000,1331756498000,40.114586,-88.225502,0.00,213.0,340.2,10.0,0.916,1675.2,20.5,9.02
1331756499000,1331756499000,40.114590,-88.225540,2.79,212.0,302.9,10.0,0.670,1513.5,21.5,4.51
1331756500000,1331756500000,40.114587,-88.225587,3.45,213.0,274.3,10.0,0.380,1030.9,21.3,0.26
1331756501000,1331756501000,40.114579,-88.225661,3.45,209.0,286.4,10.0,0.325,817.2,20.5,0.20
1331756502000,1331756502000,40.114577,-88.225733,5.34,202.0,276.4,10.0,0.297,795.0,19.5,NaN
1331756503000,1331756503000,40.114576,-88.225799,4.79,200.0,272.3,10.0,0.277,726.5,18.0,0.13
1331756504000,1331756504000,40.114577,-88.225922,4.33,196.0,272.8,10.0,0.268,667.5,16.0,0.20
1331756505000,1331756505000,40.114586,-88.226051,3.81,193.0,281.2,10.0,0.261,699.2,12.7,NaN
1331756506000,1331756506000,40.114590,-88.226148,2.94,190.0,278.6,10.0,0.258,692.5,9.0,NaN
1331756507000,1331756507000,40.114590,-88.226148,0.00,190.0,278.6,10.0,0.257,615.1,7.0,0.13
1331756508000,1331756508000,40.114590,-88.226148,0.00,190.0,278.6,10.0,0.256,601.1,6.0,0.20
1331756509000,1331756509000,40.114590,-88.226148,0.00,190.0,278.6,10.0,0.255,643.2,6.0,0.26
1331756510000,1331756510000,40.114590,-88.226148,0.00,190.0,278.6,10.0,0.255,648.0,6.0,0.39
1331756511000,1331756511000,40.114648,-88.226290,0.00,190.0,278.6,10.0,0.248,651.7,6.5,0.39
1331756512000,1331756512000,40.114648,-88.226290,0.00,190.0,278.6,10.0,0.237,659.2,7.5,0.39
1331756513000,1331756513000,40.114648,-88.226290,0.00,190.0,278.6,10.0,0.337,805.9,8.0,1.96
1331756514000,1331756514000,40.114648,-88.226290,0.00,190.0,278.6,10.0,0.700,1214.7,9.0,6.47
1331756515000,1331756515000,40.114648,-88.226290,0.00,190.0,278.6,10.0,0.758,1278.0,12.0,5.36
1331756516000,1331756516000,40.114629,-88.226371,3.61,197.0,350.8,10.0,0.345,930.7,13.0,0.20
1331756517000,1331756517000,40.114659,-88.226383,3.63,196.0,351.7,10.0,0.296,812.5,12.0,0.13
1331756518000,1331756518000,40.114688,-88.226399,3.41,194.0,348.4,10.0,0.283,742.2,9.0,NaN
1331756519000,1331756519000,40.114688,-88.226399,0.00,194.0,348.4,10.0,0.278,665.5,6.0,NaN
1331756520000,1331756520000,40.114688,-88.226399,0.00,194.0,348.4,10.0,0.273,648.5,2.5,NaN
1331756521000,1331756521000,40.114688,-88.226399,0.00,194.0,348.4,10.0,0.263,656.6,0.5,NaN
1331756522000,1331756522000,40.114688,-88.226399,0.00,194.0,348.4,10.0,0.253,636.5,0.0,NaN
1331756523000,1331756523000,40.114688,-88.226399,0.00,194.0,348.4,10.0,0.253,629.7,0.0,NaN
1331756524000,1331756524000,40.114688,-88.226399,0.00,194.0,348.4,10.0,0.250,628.3,0.0,0.13
1331756525000,1331756525000,40.114688,-88.226399,0.00,194.0,348.4,10.0,0.244,614.1,0.0,0.20
1331756526000,1331756526000,40.114688,-88.226399,0.00,194.0,348.4,10.0,0.245,628.0,0.0,0.20
1331756527000,1331756527000,40.114688,-88.226399,0.00,194.0,348.4,10.0,0.246,625.6,0.0,NaN
1331756528000,1331756528000,40.114688,-88.226399,0.00,194.0,348.4,10.0,0.245,628.2,0.0,0.13
1331756529000,1331756529000,40.114688,-88.226399,0.00,194.0,348.4,10.0,0.245,620.4,0.0,0.20
1331756530000,1331756530000,40.114688,-88.226399,0.00,194.0,348.4,10.0,0.245,614.6,0.0,NaN
1331756531000,1331756531000,40.114688,-88.226399,0.00,194.0,348.4,10.0,0.245,622.2,0.0,NaN
1331756532000,1331756532000,40.114688,-88.226399,0.00,194.0,348.4,10.0,0.246,624.2,0.0,NaN
1331756533000,1331756533000,40.114688,-88.226399,0.00,194.0,348.4,10.0,0.245,615.8,0.0,0.13
1331756534000,1331756534000,40.114688,-88.226399,0.00,194.0,348.4,10.0,0.244,617.9,0.0,0.20
1331756535000,1331756535000,40.114688,-88.226399,0.00,194.0,348.4,10.0,0.244,615.3,0.0,NaN
1331756536000,1331756536000,40.114688,-88.226399,0.00,194.0,348.4,10.0,0.245,621.7,0.0,NaN
1331756537000,1331756537000,40.114688,-88.226399,0.00,194.0,348.4,10.0,0.244,615.5,0.0,0.13
1331756538000,1331756538000,40.114688,-88.226399,0.00,194.0,348.4,10.0,0.244,616.0,0.0,0.20
1331756539000,1331756539000,40.114688,-88.226399,0.00,194.0,348.4,10.0,0.244,624.1,0.0,0.20
1331756540000,1331756540000,40.114688,-88.226399,0.00,194.0,348.4,10.0,0.244,627.5,0.0,NaN
1331756541000,1331756541000,40.114688,-88.226399,0.00,194.0,348.4,10.0,0.244,624.5,0.0,0.20
1331756542000,1331756542000,40.114688,-88.226399,0.00,194.0,348.4,10.0,0.244,622.0,0.0,0.20
1331756543000,1331756543000,40.114688,-88.226399,0.00,194.0,348.4,10.0,0.244,615.6,0.0,0.13
1331756544000,1331756544000,40.114688,-88.226399,0.00,194.0,348.4,10.0,0.245,622.1,0.0,NaN
1331756545000,1331756545000,40.114688,-88.226399,0.00,194.0,348.4,10.0,0.245,622.4,0.0,NaN
1331756546000,1331756546000,40.114688,-88.226399,0.00,194.0,348.4,10.0,0.244,615.0,0.0,NaN
1331756547000,1331756547000,40.114688,-88.226399,0.00,194.0,348.4,10.0,0.244,614.5,0.0,NaN
1331756548000,1331756548000,40.114688,-88.226399,0.00,194.0,348.4,10.0,0.247,606.7,0.0,NaN
1331756549000,1331756549000,40.114688,-88.226399,0.00,194.0,348.4,10.0,0.244,626.2,0.0,NaN
1331756550000,1331756550000,40.114688,-88.226399,0.00,194.0,348.4,10.0,0.238,610.2,0.0,NaN
1331756551000,1331756551000,40.114688,-88.226399,0.00,194.0,348.4,10.0,0.238,604.1,0.0,0.13
1331756552000,1331756552000,40.114688,-88.226399,0.00,194.0,348.4,10.0,0.238,612.4,0.0,NaN
1331756553000,1331756553000,40.114688,-88.226399,0.00,194.0,348.4,10.0,0.239,607.1,0.0,0.13
1331756554000,1331756554000,40.114688,-88.226399,0.00,194.0,348.4,10.0,0.239,653.4,0.0,NaN
1331756555000,1331756555000,40.114688,-88.226399,0.00,194.0,348.4,10.0,0.239,653.4,0.0,NaN
1331756556000,1331756556000,40.114688,-88.226399,0.00,194.0,348.4,10.0,0.240,704.6,0.0,NaN
1331756557000,1331756557000,40.114688,-88.226399,0.00,194.0,348.4,10.0,0.241,710.7,0.0,NaN
1331756558000,1331756558000,40.114688,-88.226399,0.00,194.0,348.4,10.0,0.241,714.1,0.0,NaN
1331756559000,1331756559000,40.114688,-88.226399,0.00,194.0,348.4,10.0,0.241,702.7,0.0,0.13
1331756560000,1331756560000,40.114688,-88.226399,0.00,194.0,348.4,10.0,0.239,692.9,0.0,0.20
1331756561000,1331756561000,40.114688,-88.226399,0.00,194.0,348.4,10.0,0.240,701.6,0.0,0.26
1331756562000,1331756562000,40.114688,-88.226399,0.00,194.0,348.4,10.0,0.240,694.4,0.0,NaN
1331756563000,1331756563000,40.114688,-88.226399,0.00,194.0,348.4,10.0,0.240,690.7,0.0,0.20
1331756564000,1331756564000,40.114688,-88.226399,0.00,194.0,348.4,10.0,0.241,689.7,0.0,0.39
1331756565000,1331756565000,40.114688,-88.226399,0.00,194.0,348.4,10.0,0.241,697.7,0.0,0.20
1331756566000,1331756566000,40.114688,-88.226399,0.00,194.0,348.4,10.0,0.241,697.7,0.0,0.13
1331756567000,1331756567000,40.114688,-88.226399,0.00,194.0,348.4,10.0,0.240,694.1,0.0,0.20
1331756568000,1331756568000,40.114688,-88.226399,0.00,194.0,348.4,10.0,0.240,693.3,0.0,0.13
1331756569000,1331756569000,40.114688,-88.226399,0.00,194.0,348.4,10.0,0.239,692.5,0.0,0.20
1331756570000,1331756570000,40.114688,-88.226399,0.00,194.0,348.4,10.0,0.240,687.4,0.0,0.13
1331756571000,1331756571000,40.114688,-88.226399,0.00,194.0,348.4,10.0,0.240,688.7,0.0,NaN
1331756572000,1331756572000,40.114688,-88.226399,0.00,194.0,348.4,10.0,0.240,688.7,0.0,NaN
1331756573000,1331756573000,40.114688,-88.226399,0.00,194.0,348.4,10.0,0.239,700.4,0.0,NaN
1331756574000,1331756574000,40.114688,-88.226399,0.00,194.0,348.4,10.0,0.239,688.7,0.0,0.13
1331756575000,1331756575000,40.114688,-88.226399,0.00,194.0,348.4,10.0,0.239,690.5,0.0,NaN
1331756576000,1331756576000,40.114688,-88.226399,0.00,194.0,348.4,10.0,0.239,693.8,0.0,NaN
1331756577000,1331756577000,40.114688,-88.226399,0.00,194.0,348.4,10.0,0.239,690.4,0.0,NaN
1331756578000,1331756578000,40.114688,-88.226399,0.00,194.0,348.4,10.0,0.239,696.6,0.0,NaN
1331756579000,1331756579000,40.114688,-88.226399,0.00,194.0,348.4,10.0,0.239,677.1,0.0,NaN
1331756580000,1331756580000,40.114688,-88.226399,0.00,194.0,348.4,10.0,0.239,684.1,0.0,NaN
1331756581000,1331756581000,40.114688,-88.226399,0.00,194.0,348.4,10.0,0.238,695.1,0.0,NaN
1331756582000,1331756582000,40.114688,-88.226399,0.00,194.0,348.4,10.0,0.239,691.5,0.0,NaN
1331756583000,1331756583000,40.114688,-88.226399,0.00,194.0,348.4,10.0,0.239,674.4,0.0,NaN
1331756584000,1331756584000,40.114688,-88.226399,0.00,194.0,348.4,10.0,0.239,697.2,0.0,NaN
1331756585000,1331756585000,40.114688,-88.226399,0.00,194.0,348.4,10.0,0.239,698.7,0.0,0.20
1331756586000,1331756586000,40.114688,-88.226399,0.00,194.0,348.4,10.0,0.242,708.9,0.0,0.20
1331756587000,1331756587000,40.114638,-88.226503,0.00,192.0,348.4,10.0,0.246,709.6,0.0,NaN
1331756588000,1331756588000,40.114638,-88.226503,0.00,192.0,348.4,10.0,0.245,714.6,0.0,0.20
1331756589000,1331756589000,40.114638,-88.226503,0.00,192.0,348.4,10.0,0.246,725.4,0.0,0.13
1331756590000,1331756590000,40.114638,-88.226503,0.00,192.0,348.4,10.0,0.246,723.5,0.0,NaN
1331756591000,1331756591000,40.114638,-88.226503,0.00,192.0,348.4,10.0,0.246,703.0,0.0,0.13
1331756592000,1331756592000,40.114638,-88.226503,0.00,192.0,348.4,10.0,0.245,712.5,0.0,0.39
1331756593000,1331756593000,40.114638,-88.226503,0.00,192.0,348.4,10.0,0.245,718.6,0.0,0.13
1331756594000,1331756594000,40.114638,-88.226503,0.00,192.0,348.4,10.0,0.245,711.2,0.0,NaN
1331756595000,1331756595000,40.114638,-88.226503,0.00,192.0,348.4,10.0,0.245,712.4,0.0,NaN
1331756596000,1331756596000,40.114638,-88.226503,0.00,192.0,348.4,10.0,0.245,714.6,0.0,0.20
1331756597000,1331756597000,40.114638,-88.226503,0.00,192.0,348.4,10.0,0.245,718.9,0.0,0.20
1331756598000,1331756598000,40.114638,-88.226503,0.00,192.0,348.4,10.0,0.245,719.8,0.0,0.26
1331756599000,1331756599000,40.114638,-88.226503,0.00,192.0,348.4,10.0,0.245,729.7,0.0,0.20
1331756600000,1331756600000,40.114638,-88.226503,0.00,192.0,348.4,10.0,0.245,722.9,0.0,NaN
1331756601000,1331756601000,40.114638,-88.226503,0.00,192.0,348.4,10.0,0.245,717.2,0.0,0.20
1331756602000,1331756602000,40.114638,-88.226503,0.00,192.0,348.4,10.0,0.245,721.5,0.0,0.39
1331756603000,1331756603000,40.114638,-88.226503,0.00,192.0,348.4,10.0,0.245,727.4,0.0,0.20
1331756604000,1331756604000,40.114638,-88.226503,0.00,192.0,348.4,10.0,0.245,720.2,0.0,NaN
1331756605000,1331756605000,40.114638,-88.226503,0.00,192.0,348.4,10.0,0.245,707.9,0.0,NaN
1331756606000,1331756606000,40.114638,-88.226503,0.00,192.0,348.4,10.0,0.245,725.0,0.0,NaN
1331756607000,1331756607000,40.114638,-88.226503,0.00,192.0,348.4,10.0,0.245,718.5,0.0,NaN
1331756608000,1331756608000,40.114638,-88.226503,0.00,192.0,348.4,10.0,0.245,695.5,0.0,NaN
1331756609000,1331756609000,40.114638,-88.226503,0.00,192.0,348.4,10.0,0.245,695.5,0.0,NaN
1331756610000,1331756610000,40.114638,-88.226503,0.00,192.0,348.4,10.0,0.245,707.0,0.0,NaN
1331756611000,1331756611000,40.114638,-88.226503,0.00,192.0,348.4,10.0,0.245,712.4,0.0,0.13
1331756612000,1331756612000,40.114638,-88.226503,0.00,192.0,348.4,10.0,0.246,710.1,0.0,NaN
1331756613000,1331756613000,40.114638,-88.226503,0.00,192.0,348.4,10.0,0.245,718.9,0.0,NaN
1331756614000,1331756614000,40.114638,-88.226503,0.00,192.0,348.4,10.0,0.241,724.7,0.0,0.20
1331756615000,1331756615000,40.114638,-88.226503,0.00,192.0,348.4,10.0,0.238,700.7,0.0,0.13
1331756616000,1331756616000,40.114638,-88.226503,0.00,192.0,348.4,10.0,0.238,686.4,0.0,NaN
1331756617000,1331756617000,40.114638,-88.226503,0.00,192.0,348.4,10.0,0.238,690.0,0.0,NaN
1331756618000,1331756618000,40.114638,-88.226503,0.00,192.0,348.4,10.0,0.238,692.2,0.0,NaN
1331756619000,1331756619000,40.114638,-88.226503,0.00,192.0,348.4,10.0,0.238,697.5,0.0,NaN
1331756620000,1331756620000,40.114638,-88.226503,0.00,192.0,348.4,10.0,0.238,693.7,0.0,0.20
1331756621000,1331756621000,40.114638,-88.226503,0.00,192.0,348.4,10.0,0.238,699.6,0.0,0.13
1331756622000,1331756622000,40.114638,-88.226503,0.00,192.0,348.4,10.0,0.238,701.4,0.0,0.20
1331756623000,1331756623000,40.114638,-88.226503,0.00,192.0,348.4,10.0,0.239,690.2,0.0,0.13
1331756624000,1331756624000,40.114638,-88.226503,0.00,192.0,348.4,10.0,0.238,685.7,0.0,NaN
1331756625000,1331756625000,40.114638,-88.226503,0.00,192.0,348.4,10.0,0.239,695.9,0.0,NaN
1331756626000,1331756626000,40.114638,-88.226503,0.00,192.0,348.4,10.0,0.239,695.0,0.0,NaN
1331756627000,1331756627000,40.114638,-88.226503,0.00,192.0,348.4,10.0,0.238,700.6,0.0,NaN
1331756628000,1331756628000,40.114638,-88.226503,0.00,192.0,348.4,10.0,0.238,701.1,0.0,NaN
1331756629000,1331756629000,40.114638,-88.226503,0.00,192.0,348.4,10.0,0.239,700.2,0.0,NaN
1331756630000,1331756630000,40.114638,-88.226503,0.00,192.0,348.4,10.0,0.239,699.2,0.0,NaN
1331756631000,1331756631000,40.114638,-88.226503,0.00,192.0,348.4,10.0,0.238,697.5,0.0,NaN
1331756632000,1331756632000,40.114638,-88.226503,0.00,192.0,348.4,10.0,0.239,705.6,0.0,0.20
1331756633000,1331756633000,40.114638,-88.226503,0.00,192.0,348.4,10.0,0.239,698.0,0.0,0.39
1331756634000,1331756634000,40.114638,-88.226503,0.00,192.0,348.4,10.0,0.239,697.2,0.0,0.20
1331756635000,1331756635000,40.114638,-88.226503,0.00,192.0,348.4,10.0,0.239,699.1,0.0,NaN
1331756636000,1331756636000,40.114638,-88.226503,0.00,192.0,348.4,10.0,0.239,700.1,0.0,0.20
1331756637000,1331756637000,40.114638,-88.226503,0.00,192.0,348.4,10.0,0.239,691.2,0.0,0.20
1331756638000,1331756638000,40.114638,-88.226503,0.00,192.0,348.4,10.0,0.239,700.7,0.0,NaN
1331756639000,1331756639000,40.114638,-88.226503,0.00,192.0,348.4,10.0,0.238,699.3,0.0,0.26
1331756640000,1331756640000,40.114638,-88.226503,0.00,192.0,348.4,10.0,0.238,687.4,0.0,0.20
1331756641000,1331756641000,40.114638,-88.226503,0.00,192.0,348.4,10.0,0.238,696.7,0.0,NaN
1331756642000,1331756642000,40.114638,-88.226503,0.00,192.0,348.4,10.0,0.252,724.1,0.0,NaN
1331756643000,1331756643000,40.114638,-88.226503,0.00,192.0,348.4,10.0,0.257,724.5,0.0,0.20
1331756644000,1331756644000,40.114638,-88.226503,0.00,192.0,348.4,10.0,0.257,735.7,0.0,0.20
1331756645000,1331756645000,40.114638,-88.226503,0.00,192.0,348.4,10.0,0.252,729.0,0.0,NaN
1331756646000,1331756646000,40.114638,-88.226503,0.00,192.0,348.4,10.0,0.249,708.2,0.0,NaN
1331756647000,1331756647000,40.114638,-88.226503,0.00,192.0,348.4,10.0,0.249,707.9,0.0,NaN
1331756648000,1331756648000,40.114644,-88.226511,0.00,192.0,348.4,10.0,0.249,736.4,0.0,NaN
1331756649000,1331756649000,40.114644,-88.226511,0.00,193.0,348.4,10.0,0.248,742.9,0.0,0.13
1331756650000,1331756650000,40.114644,-88.226511,0.00,194.0,348.4,10.0,0.245,723.2,0.0,0.39
1331756651000,1331756651000,40.114644,-88.226511,0.00,195.0,348.4,10.0,0.245,709.8,0.0,0.13
1331756652000,1331756652000,40.114644,-88.226511,0.00,196.0,348.4,10.0,0.245,695.7,0.0,NaN
1331756653000,1331756653000,40.114644,-88.226511,0.00,196.0,348.4,10.0,0.244,692.2,0.0,NaN
1331756654000,1331756654000,40.114647,-88.226519,0.39,198.0,147.2,10.0,0.244,703.0,0.0,NaN
1331756655000,1331756655000,40.114647,-88.226519,0.00,198.0,147.2,10.0,0.244,705.3,0.0,0.13
1331756656000,1331756656000,40.114647,-88.226519,0.00,198.0,147.2,10.0,0.244,713.9,0.0,0.20
1331756657000,1331756657000,40.114647,-88.226519,0.00,197.0,147.2,10.0,0.243,718.6,0.0,0.26
1331756658000,1331756658000,40.114647,-88.226519,0.00,197.0,147.2,10.0,0.243,721.2,0.0,0.20
1331756659000,1331756659000,40.114668,-88.226540,0.06,198.0,352.1,10.0,0.244,699.6,0.0,NaN
1331756660000,1331756660000,40.114690,-88.226569,0.00,199.0,339.2,10.0,0.244,692.7,0.0,0.20
1331756661000,1331756661000,40.114704,-88.226602,0.35,200.0,297.8,10.0,0.245,699.6,0.0,0.13
1331756662000,1331756662000,40.114713,-88.226634,0.00,200.0,286.4,10.0,0.245,693.5,0.0,NaN
1331756663000,1331756663000,40.114714,-88.226634,0.00,195.0,286.4,10.0,0.245,697.3,0.0,0.13
1331756664000,1331756664000,40.114714,-88.226634,0.00,194.0,286.4,10.0,0.245,700.9,0.0,NaN
1331756665000,1331756665000,40.114714,-88.226634,0.00,191.0,286.4,10.0,0.245,691.6,0.0,0.13
1331756666000,1331756666000,40.114714,-88.226634,0.00,191.0,286.4,10.0,0.244,691.2,0.0,0.20
1331756667000,1331756667000,40.114714,-88.226634,0.00,189.0,286.4,10.0,0.244,700.5,0.0,NaN
1331756668000,1331756668000,40.114716,-88.226644,0.06,187.0,290.7,10.0,0.244,712.5,0.0,NaN
1331756669000,1331756669000,40.114716,-88.226644,0.00,186.0,290.7,10.0,0.244,702.6,0.0,0.20
1331756670000,1331756670000,40.114716,-88.226644,0.00,187.0,290.7,10.0,0.244,694.4,0.0,0.39
1331756671000,1331756671000,40.114716,-88.226644,0.00,188.0,290.7,10.0,0.244,694.5,0.0,0.13
1331756672000,1331756672000,40.114716,-88.226644,0.00,184.0,290.7,10.0,0.244,704.6,0.0,0.20
1331756673000,1331756673000,40.114716,-88.226644,0.00,184.0,290.7,10.0,0.245,705.5,0.0,0.26
1331756674000,1331756674000,40.114716,-88.226644,0.00,185.0,290.7,10.0,0.244,707.0,0.0,0.20
1331756675000,1331756675000,40.114716,-88.226644,0.00,187.0,290.7,10.0,0.245,704.7,0.0,0.39
1331756676000,1331756676000,40.114716,-88.226644,0.00,190.0,290.7,10.0,0.244,704.4,0.0,0.26
1331756677000,1331756677000,40.114716,-88.226644,0.00,194.0,290.7,10.0,0.245,700.2,0.0,NaN
1331756678000,1331756678000,40.114721,-88.226647,0.05,196.0,354.8,10.0,0.245,697.6,0.0,NaN
1331756679000,1331756679000,40.114721,-88.226647,0.00,198.0,354.8,10.0,0.245,703.4,0.0,NaN
1331756680000,1331756680000,40.114721,-88.226647,0.00,198.0,354.8,10.0,0.246,712.0,0.0,NaN
1331756681000,1331756681000,40.114721,-88.226647,0.00,198.0,354.8,10.0,0.245,712.2,0.0,NaN
1331756682000,1331756682000,40.114724,-88.226644,0.06,198.0,87.6,10.0,0.245,702.7,0.0,0.13
1331756683000,1331756683000,40.114724,-88.226644,0.00,198.0,87.6,10.0,0.245,701.9,0.0,0.20
1331756684000,1331756684000,40.114724,-88.226644,0.00,199.0,87.6,10.0,0.244,698.4,0.0,0.20
1331756685000,1331756685000,40.114724,-88.226644,0.00,198.0,87.6,10.0,0.245,709.1,0.0,NaN
1331756686000,1331756686000,40.114724,-88.226644,0.00,196.0,87.6,10.0,0.246,701.0,0.0,NaN
1331756687000,1331756687000,40.114724,-88.226644,0.00,196.0,87.6,10.0,0.245,700.1,0.0,0.13
1331756688000,1331756688000,40.114724,-88.226644,0.00,196.0,87.6,10.0,0.245,715.9,0.0,0.20
1331756689000,1331756689000,40.114724,-88.226644,0.00,195.0,87.6,10.0,0.244,722.6,0.0,NaN
1331756690000,1331756690000,40.114724,-88.226644,0.00,195.0,87.6,10.0,0.244,715.9,0.0,NaN
1331756691000,1331756691000,40.114724,-88.226644,0.00,195.0,87.6,10.0,0.245,701.7,0.0,NaN
1331756692000,1331756692000,40.114724,-88.226644,0.00,195.0,87.6,10.0,0.245,702.7,0.0,NaN
1331756693000,1331756693000,40.114724,-88.226644,0.00,195.0,87.6,10.0,0.245,692.4,0.0,NaN
1331756694000,1331756694000,40.114733,-88.226651,0.07,193.0,338.7,10.0,0.245,689.7,0.0,0.13
1331756695000,1331756695000,40.114733,-88.226651,0.00,194.0,338.7,10.0,0.245,695.2,0.0,0.26
1331756696000,1331756696000,40.114733,-88.226651,0.00,195.0,338.7,10.0,0.245,709.9,0.0,0.20
1331756697000,1331756697000,40.114733,-88.226651,0.00,195.0,338.7,10.0,0.245,718.5,0.0,0.20
1331756698000,1331756698000,40.114733,-88.226651,0.00,192.0,338.7,10.0,0.245,698.9,0.0,NaN
1331756699000,1331756699000,40.114733,-88.226651,0.00,191.0,338.7,10.0,0.245,699.5,0.0,NaN
1331756700000,1331756700000,40.114733,-88.226651,0.00,192.0,338.7,10.0,0.245,706.4,0.0,NaN
1331756701000,1331756701000,40.114733,-88.226651,0.00,193.0,338.7,10.0,0.245,705.0,0.0,0.26
1331756702000,1331756702000,40.114733,-88.226651,0.00,193.0,338.7,10.0,0.246,704.1,0.0,0.39
1331756703000,1331756703000,40.114733,-88.226651,0.00,197.0,338.7,10.0,0.245,706.2,0.0,0.26
1331756704000,1331756704000,40.114736,-88.226666,0.00,196.0,117.9,10.0,0.245,696.5,0.0,0.39
1331756705000,1331756705000,40.114736,-88.226678,0.00,195.0,133.7,10.0,0.245,694.4,0.0,0.39
1331756706000,1331756706000,40.114736,-88.226678,0.00,196.0,133.7,10.0,0.245,692.7,0.0,0.20
1331756707000,1331756707000,40.114736,-88.226678,0.00,194.0,133.7,10.0,0.245,697.4,0.0,0.20
1331756708000,1331756708000,40.114736,-88.226678,0.00,194.0,133.7,10.0,0.245,717.1,0.0,0.39
1331756709000,1331756709000,40.114736,-88.226678,0.00,193.0,133.7,10.0,0.245,717.1,0.0,0.39
1331756710000,1331756710000,40.114736,-88.226678,0.00,193.0,133.7,10.0,0.245,707.6,0.0,0.20
1331756711000,1331756711000,40.114736,-88.226678,0.00,192.0,133.7,10.0,0.245,699.9,0.0,0.13
1331756712000,1331756712000,40.114736,-88.226678,0.00,191.0,133.7,10.0,0.245,688.1,0.0,0.20
1331756713000,1331756713000,40.114736,-88.226678,0.00,190.0,133.7,10.0,0.245,693.3,0.0,NaN
1331756714000,1331756714000,40.114735,-88.226673,0.06,189.0,101.3,10.0,0.245,714.9,0.0,NaN
1331756715000,1331756715000,40.114733,-88.226668,0.13,189.0,105.8,10.0,0.245,709.3,0.0,0.26
1331756716000,1331756716000,40.114733,-88.226668,0.00,188.0,105.8,10.0,0.244,709.2,0.0,0.20
1331756717000,1331756717000,40.114733,-88.226668,0.00,188.0,105.8,10.0,0.244,705.7,0.0,0.26
1331756718000,1331756718000,40.114731,-88.226666,0.04,189.0,117.3,10.0,0.245,701.4,0.0,0.20
1331756719000,1331756719000,40.114731,-88.226666,0.00,188.0,117.3,10.0,0.245,703.6,0.0,NaN
1331756720000,1331756720000,40.114731,-88.226666,0.00,188.0,117.3,10.0,0.244,712.6,0.0,NaN
1331756721000,1331756721000,40.114731,-88.226666,0.00,189.0,117.3,10.0,0.244,711.7,0.0,0.13
1331756722000,1331756722000,40.114731,-88.226666,0.00,189.0,117.3,10.0,0.245,702.5,0.0,NaN
1331756723000,1331756723000,40.114726,-88.226664,0.29,191.0,152.6,10.0,0.245,695.0,0.0,0.20
1331756724000,1331756724000,40.114720,-88.226665,0.33,192.0,153.9,10.0,0.244,696.5,0.0,0.13
1331756725000,1331756725000,40.114720,-88.226665,0.00,192.0,153.9,10.0,0.244,700.1,0.0,NaN
1331756726000,1331756726000,40.114720,-88.226665,0.00,193.0,153.9,10.0,0.244,696.5,0.0,NaN
1331756727000,1331756727000,40.114720,-88.226665,0.00,193.0,153.9,10.0,0.244,698.8,0.0,NaN
1331756728000,1331756728000,40.114717,-88.226667,0.35,194.0,192.6,10.0,0.245,694.4,0.0,NaN
1331756729000,1331756729000,40.114717,-88.226667,0.00,194.0,192.6,10.0,0.244,699.3,0.0,0.13
1331756730000,1331756730000,40.114717,-88.226667,0.00,194.0,192.6,10.0,0.245,708.1,0.0,NaN
1331756731000,1331756731000,40.114717,-88.226667,0.00,195.0,192.6,10.0,0.244,703.7,0.0,NaN
1331756732000,1331756732000,40.114717,-88.226667,0.00,195.0,192.6,10.0,0.244,706.7,0.0,NaN
1331756733000,1331756733000,40.114717,-88.226667,0.00,195.0,192.6,10.0,0.244,707.6,0.0,NaN
1331756734000,1331756734000,40.114717,-88.226667,0.00,195.0,192.6,10.0,0.243,712.2,0.0,0.20
1331756735000,1331756735000,40.114717,-88.226667,0.00,192.0,192.6,10.0,0.244,690.5,0.0,0.26
1331756736000,1331756736000,40.114717,-88.226667,0.00,190.0,192.6,10.0,0.244,709.2,0.0,0.39
1331756737000,1331756737000,40.114717,-88.226667,0.00,188.0,192.6,10.0,0.244,716.9,0.0,0.20
1331756738000,1331756738000,40.114717,-88.226667,0.00,186.0,192.6,10.0,0.245,707.4,0.0,NaN
1331756739000,1331756739000,40.114717,-88.226667,0.00,185.0,192.6,10.0,0.244,706.0,0.0,NaN
1331756740000,1331756740000,40.114717,-88.226667,0.00,185.0,192.6,10.0,0.243,717.2,0.0,NaN
1331756741000,1331756741000,40.114712,-88.226674,0.08,185.0,247.7,10.0,0.244,696.8,0.0,NaN
1331756742000,1331756742000,40.114714,-88.226676,0.14,185.0,328.6,10.0,0.244,691.7,0.0,0.20
1331756743000,1331756743000,40.114709,-88.226671,0.00,185.0,328.9,10.0,0.244,704.4,0.0,0.39
1331756744000,1331756744000,40.114706,-88.226666,0.00,185.0,336.5,10.0,0.244,703.4,0.0,0.20
1331756745000,1331756745000,40.114706,-88.226666,0.00,185.0,336.5,10.0,0.244,703.4,0.0,NaN
1331756746000,1331756746000,40.114702,-88.226646,0.46,185.0,96.3,10.0,0.243,719.5,0.0,NaN
1331756747000,1331756747000,40.114696,-88.226643,0.00,185.0,135.2,10.0,0.244,706.5,0.0,NaN
1331756748000,1331756748000,40.114696,-88.226643,0.00,183.0,135.2,10.0,0.245,697.2,0.0,0.13
1331756749000,1331756749000,40.114696,-88.226643,0.00,183.0,135.2,10.0,0.245,694.4,0.0,0.39
1331756750000,1331756750000,40.114683,-88.226624,0.33,183.0,130.9,10.0,0.244,700.7,0.0,0.20
1331756751000,1331756751000,40.114666,-88.226595,0.71,182.0,130.3,10.0,0.244,710.3,0.0,0.13
1331756752000,1331756752000,40.114657,-88.226570,1.13,180.0,126.9,10.0,0.244,718.6,0.0,NaN
1331756753000,1331756753000,40.114657,-88.226554,1.48,179.0,117.8,10.0,0.244,699.9,0.0,NaN
1331756755000,1331756755000,40.114612,-88.226318,2.12,185.0,100.7,10.0,0.487,704.2,0.0,0.10
1331756758000,1331756758000,40.114649,-88.226160,2.35,190.0,64.6,10.0,0.729,702.4,0.0,NaN
1331756762000,1331756762000,40.114786,-88.225678,3.15,192.0,55.2,10.0,0.970,707.3,0.0,0.17
1331756764000,1331756764000,40.114836,-88.225525,3.37,220.0,46.9,10.0,0.495,715.9,0.0,0.29
1331756765000,1331756765000,40.114830,-88.225660,3.28,235.0,70.3,10.0,0.262,753.9,0.0,0.20
1331756766000,1331756766000,40.114825,-88.225848,0.39,238.0,8.1,10.0,0.258,746.6,0.0,0.13
1331756767000,1331756767000,40.114825,-88.225849,0.00,263.0,8.1,10.0,0.252,731.1,0.0,0.20
1331756768000,1331756768000,40.114829,-88.225859,0.08,263.0,304.7,10.0,0.254,717.9,0.0,NaN
1331756769000,1331756769000,40.114832,-88.225870,0.35,265.0,322.2,10.0,0.252,714.1,0.0,NaN
1331756770000,1331756770000,40.114835,-88.225891,0.30,266.0,299.2,10.0,0.248,717.0,0.0,NaN
1331756771000,1331756771000,40.114835,-88.225891,0.00,266.0,299.2,10.0,0.249,725.9,0.0,NaN
1331756772000,1331756772000,40.114835,-88.225891,0.00,267.0,299.2,10.0,0.249,721.1,0.0,NaN
1331756773000,1331756773000,40.114835,-88.225891,0.00,268.0,299.2,10.0,0.248,721.6,0.0,NaN
1331756774000,1331756774000,40.114835,-88.225891,0.00,267.0,299.2,10.0,0.249,720.1,0.0,0.13
1331756775000,1331756775000,40.114835,-88.225891,0.00,268.0,299.2,10.0,0.249,710.1,0.0,0.39
1331756776000,1331756776000,40.114835,-88.225891,0.00,268.0,299.2,10.0,0.249,713.4,0.0,0.39
1331756777000,1331756777000,40.114835,-88.225891,0.00,266.0,299.2,10.0,0.248,728.9,0.0,0.26
1331756778000,1331756778000,40.114835,-88.225891,0.00,265.0,299.2,10.0,0.242,723.5,0.0,0.39
1331756779000,1331756779000,40.114835,-88.225891,0.00,265.0,299.2,10.0,0.240,718.2,0.0,0.20
1331756780000,1331756780000,40.114835,-88.225891,0.00,263.0,299.2,10.0,0.243,678.3,0.0,0.13
1331756781000,1331756781000,40.114835,-88.225891,0.00,262.0,299.2,10.0,0.583,1060.9,0.0,4.71
1331756782000,1331756782000,40.114830,-88.225901,0.05,237.0,47.9,10.0,0.962,1512.0,2.5,9.80
1331756783000,1331756783000,40.114771,-88.225919,0.21,238.0,354.9,10.0,0.756,1308.6,7.3,6.93
1331756784000,1331756784000,40.114765,-88.225936,0.41,234.0,1.4,10.0,0.527,1078.9,9.0,2.35
1331756785000,1331756785000,40.114783,-88.225958,0.66,234.0,10.1,10.0,0.426,971.2,9.0,0.78
1331756786000,1331756786000,40.114798,-88.225971,0.90,233.0,28.8,10.0,0.352,852.7,7.5,NaN
1331756787000,1331756787000,40.114810,-88.225970,1.13,230.0,47.6,10.0,0.307,723.4,5.3,NaN
1331756788000,1331756788000,40.114811,-88.225985,1.20,230.0,52.7,10.0,0.278,658.9,3.0,NaN
1331756789000,1331756789000,40.114812,-88.225999,1.25,230.0,72.7,10.0,0.262,644.5,1.0,NaN
1331756790000,1331756790000,40.114817,-88.225990,1.49,231.0,79.8,10.0,0.264,608.3,0.0,0.26
1331756791000,1331756791000,40.114817,-88.225990,0.00,231.0,79.8,10.0,0.504,929.4,0.5,2.94
1331756792000,1331756792000,40.114817,-88.225990,0.00,231.0,79.8,10.0,0.597,1105.7,2.7,3.66
1331756793000,1331756793000,40.114802,-88.226002,0.13,233.0,206.9,10.0,0.443,858.6,4.5,0.20
1331756794000,1331756794000,40.114781,-88.226027,0.28,230.0,226.2,10.0,0.375,788.4,4.0,NaN
1331756795000,1331756795000,40.114767,-88.226050,0.34,230.0,225.9,10.0,0.315,726.4,3.3,NaN
1331756796000,1331756796000,40.114743,-88.226068,0.49,231.0,166.6,10.0,0.282,691.7,3.5,0.20
1331756797000,1331756797000,40.114734,-88.226090,0.56,231.0,155.0,10.0,0.264,651.4,1.7,0.26
1331756798000,1331756798000,40.114743,-88.226134,0.61,231.0,125.2,10.0,0.254,634.2,0.0,0.20
1331756799000,1331756799000,40.114743,-88.226135,0.00,230.0,125.2,10.0,0.246,600.1,0.0,0.26
1331756800000,1331756800000,40.114743,-88.226135,0.00,230.0,125.2,10.0,0.377,687.7,0.0,1.37
1331756801000,1331756801000,40.114743,-88.226135,0.00,231.0,125.2,10.0,0.377,687.7,0.0,1.37
1331756802000,1331756802000,40.114734,-88.226140,0.33,233.0,192.9,10.0,0.727,1102.1,3.0,5.29
1331756803000,1331756803000,40.114732,-88.226145,0.47,234.0,166.4,10.0,1.045,1486.5,8.0,9.80
1331756804000,1331756804000,40.114707,-88.226153,0.77,234.0,177.4,10.0,1.150,1639.7,13.0,11.76
1331756805000,1331756805000,40.114673,-88.226156,1.14,233.0,177.6,10.0,1.154,1712.0,17.5,11.76
1331756806000,1331756806000,40.114625,-88.226152,1.60,232.0,173.4,10.0,0.700,1517.7,19.7,3.92
1331756807000,1331756807000,40.114577,-88.226155,1.98,230.0,175.8,10.0,0.412,1299.0,19.0,NaN
1331756808000,1331756808000,40.114538,-88.226164,2.20,229.0,179.3,10.0,0.346,1019.7,14.7,0.13
1331756809000,1331756809000,40.114512,-88.226175,2.29,227.0,175.6,10.0,0.302,840.0,10.5,0.20
1331756810000,1331756810000,40.114500,-88.226184,2.29,221.0,159.8,10.0,0.346,848.3,9.3,0.92
1331756811000,1331756811000,40.114487,-88.226176,2.33,218.0,137.0,10.0,0.521,1086.2,9.5,3.92
1331756812000,1331756812000,40.114483,-88.226176,2.32,220.0,113.3,10.0,0.689,1284.2,11.3,6.80
1331756813000,1331756813000,40.114479,-88.226160,2.44,230.0,93.2,10.0,0.749,1331.4,12.0,7.65
1331756814000,1331756814000,40.114469,-88.226155,2.66,220.0,92.6,10.0,0.781,1451.6,15.5,8.04
1331756815000,1331756815000,40.114467,-88.226127,2.73,221.0,81.7,10.0,0.815,1573.3,19.0,8.50
1331756816000,1331756816000,40.114460,-88.226067,2.99,221.0,91.7,10.0,0.829,1627.9,21.0,9.02
1331756817000,1331756817000,40.114448,-88.225976,3.42,221.0,96.9,10.0,0.762,1528.1,22.5,8.63
1331756818000,1331756818000,40.114441,-88.225880,3.81,220.0,95.5,10.0,0.452,1068.1,23.7,2.75
1331756819000,1331756819000,40.114448,-88.225830,7.25,224.0,95.7,10.0,0.288,810.2,23.5,NaN
1331756820000,1331756820000,40.114461,-88.225797,6.80,226.0,95.2,10.0,0.274,748.5,21.5,NaN
1331756821000,1331756821000,40.114479,-88.225789,4.56,224.0,93.9,10.0,0.264,682.9,15.5,NaN
1331756822000,1331756822000,40.114487,-88.225761,2.87,224.0,93.4,10.0,0.256,628.5,6.0,0.13
1331756823000,1331756823000,40.114487,-88.225761,0.00,224.0,93.4,10.0,0.249,627.4,1.0,0.39
1331756824000,1331756824000,40.114487,-88.225761,0.00,224.0,93.4,10.0,0.238,624.0,0.0,0.13
1331756825000,1331756825000,40.114487,-88.225761,0.00,224.0,93.4,10.0,0.231,610.7,0.0,NaN
1331756826000,1331756826000,40.114487,-88.225761,0.00,224.0,93.4,10.0,0.231,618.6,0.0,NaN
1331756827000,1331756827000,40.114487,-88.225761,0.00,224.0,93.4,10.0,0.232,618.8,0.0,NaN
1331756828000,1331756828000,40.114487,-88.225761,0.00,224.0,93.4,10.0,0.235,630.5,0.0,NaN
1331756829000,1331756829000,40.114487,-88.225761,0.00,224.0,93.4,10.0,0.551,1047.0,3.7,3.66
1331756830000,1331756830000,40.114487,-88.225761,0.00,224.0,93.4,10.0,0.707,1251.0,5.5,5.49
1331756831000,1331756831000,40.114485,-88.225744,2.42,191.0,75.3,10.0,0.761,1324.5,10.0,6.08
1331756832000,1331756832000,40.114493,-88.225716,3.10,190.0,71.3,10.0,0.907,1473.6,13.3,7.97
1331756833000,1331756833000,40.114524,-88.225683,4.54,191.0,38.0,10.0,0.939,1573.0,16.5,8.63
1331756834000,1331756834000,40.114560,-88.225677,5.92,195.0,7.6,10.0,0.883,1592.6,18.7,7.71
1331756835000,1331756835000,40.114596,-88.225660,5.38,196.0,5.1,10.0,0.814,1589.7,20.5,7.06
1331756836000,1331756836000,40.114627,-88.225646,6.04,199.0,3.4,10.0,0.558,1249.7,21.0,2.35
1331756837000,1331756837000,40.114664,-88.225634,5.87,200.0,1.9,10.0,0.469,1046.9,21.0,1.57
1331756838000,1331756838000,40.114708,-88.225627,5.78,202.0,359.7,10.0,0.624,1210.2,21.0,4.71
1331756839000,1331756839000,40.114762,-88.225622,6.11,208.0,358.9,10.0,0.841,1418.3,22.0,7.32
1331756840000,1331756840000,40.114826,-88.225628,6.51,212.0,358.4,10.0,1.036,1576.9,24.0,10.39
1331756841000,1331756841000,40.114905,-88.225637,7.41,213.0,358.8,10.0,0.866,1462.9,25.3,7.84
1331756842000,1331756842000,40.114974,-88.225642,7.29,213.0,359.7,10.0,0.580,1225.4,26.0,2.94
1331756843000,1331756843000,40.115051,-88.225651,7.40,211.0,359.6,10.0,0.409,1054.5,26.0,0.39
1331756844000,1331756844000,40.115126,-88.225667,7.45,205.0,0.1,10.0,0.339,960.9,26.0,NaN
1331756845000,1331756845000,40.115195,-88.225681,7.63,204.0,0.9,10.0,0.305,842.7,25.0,NaN
1331756846000,1331756846000,40.115251,-88.225690,5.81,200.0,1.4,10.0,0.274,738.7,20.7,NaN
1331756847000,1331756847000,40.115296,-88.225692,4.43,197.0,0.9,10.0,0.260,642.2,16.0,NaN
1331756848000,1331756848000,40.115336,-88.225679,2.95,194.0,17.3,10.0,0.250,662.9,13.7,NaN
1331756849000,1331756849000,40.115359,-88.225653,2.72,195.0,46.6,10.0,0.244,662.2,13.0,NaN
1331756850000,1331756850000,40.115374,-88.225622,3.43,196.0,75.0,10.0,0.502,941.1,13.0,3.27
1331756851000,1331756851000,40.115390,-88.225606,3.36,196.0,76.6,10.0,0.901,1460.0,14.0,9.02
1331756852000,1331756852000,40.115408,-88.225572,4.41,192.0,79.0,10.0,1.175,1694.7,17.3,12.42
1331756853000,1331756853000,40.115416,-88.225507,5.39,190.0,92.4,10.0,1.384,1904.9,21.5,15.29
1331756854000,1331756854000,40.115419,-88.225424,5.73,187.0,95.8,10.0,1.361,2005.2,25.0,15.29
1331756855000,1331756855000,40.115424,-88.225321,7.19,186.0,91.7,10.0,1.223,1973.0,27.0,13.53
1331756856000,1331756856000,40.115427,-88.225207,7.77,186.0,90.9,10.0,0.862,1586.5,28.7,9.67
1331756857000,1331756857000,40.115432,-88.225095,7.60,184.0,90.6,10.0,0.732,1438.0,30.5,7.84
1331756858000,1331756858000,40.115444,-88.224976,8.44,185.0,84.7,10.0,0.693,1425.1,31.0,7.65
1331756859000,1331756859000,40.115455,-88.224880,7.34,183.0,84.1,10.0,0.636,1386.1,31.7,6.80
1331756860000,1331756860000,40.115470,-88.224788,7.22,183.0,80.2,10.0,0.541,1306.5,32.0,4.71
1331756861000,1331756861000,40.115483,-88.224692,7.97,181.0,83.0,10.0,0.357,1025.7,32.0,1.05
1331756862000,1331756862000,40.115501,-88.224600,7.48,181.0,78.8,10.0,0.277,805.9,31.5,0.20
1331756863000,1331756863000,40.115514,-88.224492,6.96,180.0,82.4,10.0,0.260,720.1,26.7,0.26
1331756864000,1331756864000,40.115521,-88.224389,7.13,179.0,84.7,10.0,0.255,698.7,24.5,0.20
1331756865000,1331756865000,40.115527,-88.224311,6.37,178.0,85.1,10.0,0.255,698.7,24.5,0.20
1331756866000,1331756866000,40.115527,-88.224241,5.76,179.0,88.0,10.0,0.244,672.3,17.3,0.13
1331756867000,1331756867000,40.115529,-88.224186,3.82,181.0,86.7,10.0,0.243,643.2,13.0,NaN
1331756868000,1331756868000,40.115532,-88.224151,2.76,181.0,81.6,10.0,0.243,647.0,9.3,0.13
1331756869000,1331756869000,40.115532,-88.224151,0.00,181.0,81.6,10.0,0.245,611.9,5.5,0.39
1331756870000,1331756870000,40.115532,-88.224151,0.00,181.0,81.6,10.0,0.244,616.0,1.3,0.13
1331756871000,1331756871000,40.115532,-88.224151,0.00,181.0,81.6,10.0,0.244,625.2,0.0,NaN
1331756872000,1331756872000,40.115532,-88.224151,0.00,181.0,81.6,10.0,0.245,616.5,0.0,NaN
1331756873000,1331756873000,40.115532,-88.224151,0.00,181.0,81.6,10.0,0.244,630.9,0.0,NaN
1331756874000,1331756874000,40.115532,-88.224151,0.00,181.0,81.6,10.0,0.327,700.2,0.0,1.96
1331756875000,1331756875000,40.115532,-88.224151,0.00,181.0,81.6,10.0,0.910,1311.5,4.3,10.20
1331756876000,1331756876000,40.115520,-88.224078,2.78,191.0,108.1,10.0,0.769,1227.4,8.5,7.25
1331756877000,1331756877000,40.115511,-88.224065,2.85,190.0,111.1,10.0,0.360,828.5,5.5,0.20
1331756878000,1331756878000,40.115511,-88.224065,0.00,190.0,111.1,10.0,0.547,982.9,1.7,3.27
1331756879000,1331756879000,40.115511,-88.224065,0.00,190.0,111.1,10.0,1.115,1576.4,4.0,10.98
1331756880000,1331756880000,40.115477,-88.224061,1.53,188.0,153.5,10.0,1.236,1678.5,8.0,12.55
1331756881000,1331756881000,40.115429,-88.224047,3.16,186.0,170.2,10.0,1.373,1782.2,13.3,13.99
1331756882000,1331756882000,40.115429,-88.224047,0.00,186.0,170.2,10.0,1.554,1943.2,19.0,16.08
1331756883000,1331756883000,40.115311,-88.224038,6.01,190.0,176.5,10.0,1.662,2075.9,22.5,17.45
1331756884000,1331756884000,40.115234,-88.224041,7.43,188.0,177.0,10.0,1.432,1973.6,26.7,14.38
1331756885000,1331756885000,40.115154,-88.224038,7.85,190.0,177.4,10.0,1.025,1574.5,29.5,9.02
1331756886000,1331756886000,40.115078,-88.224035,8.11,194.0,177.3,10.0,0.571,1285.8,30.3,2.09
1331756887000,1331756887000,40.115006,-88.224031,8.33,195.0,177.8,10.0,0.408,1158.0,30.5,0.39
1331756888000,1331756888000,40.114936,-88.224032,8.64,195.0,179.1,10.0,0.361,1055.1,29.5,0.20
1331756889000,1331756889000,40.114869,-88.224033,8.01,195.0,179.7,10.0,0.309,869.1,27.3,NaN
1331756890000,1331756890000,40.114805,-88.224034,7.06,193.0,178.4,10.0,0.277,746.0,25.0,NaN
1331756891000,1331756891000,40.114744,-88.224033,6.74,191.0,179.2,10.0,0.263,729.0,22.3,NaN
1331756892000,1331756892000,40.114692,-88.224033,5.40,190.0,178.5,10.0,0.258,694.4,17.5,0.20
1331756893000,1331756893000,40.114653,-88.224032,3.70,188.0,178.6,10.0,0.259,641.9,12.5,0.20
1331756894000,1331756894000,40.114653,-88.224032,0.00,188.0,178.6,10.0,0.357,667.1,7.3,0.13
1331756895000,1331756895000,40.114653,-88.224032,0.00,188.0,178.6,10.0,1.027,1271.4,7.5,8.43
1331756896000,1331756896000,40.114653,-88.224032,0.00,188.0,178.6,10.0,1.601,1844.2,12.0,17.65
1331756897000,1331756897000,40.114529,-88.224031,4.47,184.0,178.2,10.0,1.763,1962.0,17.0,19.61
1331756898000,1331756898000,40.114476,-88.224028,6.13,187.0,179.1,10.0,1.844,2115.6,23.0,20.65
