1331752553000,1331752553000,40.114299,-88.223921,4.57,203.1,12.0,10.0,0.232,805.7,10.0,17.65
1331752554000,1331752554000,40.114330,-88.223914,3.57,203.1,20.0,10.0,0.232,805.7,10.0,17.65
1331752555000,1331752555000,40.114350,-88.223910,2.63,202.9,21.0,10.0,0.251,746.7,5.0,17.65
1331752556000,1331752556000,40.114361,-88.223914,1.81,202.9,17.0,10.0,0.526,1153.7,5.5,19.41
1331752557000,1331752557000,40.114384,-88.223914,2.50,202.9,12.0,10.0,0.886,1630.4,10.5,21.96
1331752558000,1331752558000,40.114413,-88.223917,3.38,202.8,358.0,10.0,1.013,1698.4,15.5,22.94
1331752559000,1331752559000,40.114452,-88.223922,4.25,202.7,356.0,10.0,1.013,1698.4,15.5,22.94
1331752560000,1331752560000,40.114499,-88.223927,5.25,202.7,357.0,10.0,1.087,1715.1,19.5,23.53
1331752561000,1331752561000,40.114556,-88.223931,6.25,202.7,357.0,10.0,1.131,1826.9,24.5,23.73
1331752562000,1331752562000,40.114622,-88.223935,7.01,202.6,358.0,10.0,0.995,1780.4,28.0,22.75
1331752563000,1331752563000,40.114694,-88.223939,7.82,202.7,359.0,10.0,0.863,1635.4,29.0,21.96
1331752564000,1331752564000,40.114768,-88.223943,8.26,202.9,0.0,10.0,0.863,1635.4,29.0,21.96
1331752565000,1331752565000,40.114841,-88.223948,8.57,203.5,0.0,10.0,0.690,1428.7,30.5,20.98
1331752566000,1331752566000,40.114921,-88.223952,8.63,203.7,0.0,10.0,0.593,1360.0,32.0,20.20
1331752567000,1331752567000,40.115001,-88.223954,8.69,203.8,1.0,10.0,0.660,1431.5,32.5,20.59
1331752568000,1331752568000,40.115081,-88.223957,8.82,204.0,0.0,10.0,0.528,1333.1,33.0,19.61
1331752569000,1331752569000,40.115162,-88.223959,8.82,204.2,0.0,10.0,0.528,1333.1,33.0,19.61
1331752570000,1331752570000,40.115242,-88.223960,8.76,204.4,1.0,10.0,0.444,1246.0,33.0,19.02
1331752571000,1331752571000,40.115318,-88.223962,8.69,205.3,2.0,10.0,0.495,1300.6,32.5,19.61
1331752572000,1331752572000,40.115396,-88.223961,8.69,205.7,3.0,10.0,0.550,1368.6,32.0,20.00
1331752573000,1331752573000,40.115473,-88.223959,8.82,206.6,3.0,10.0,0.550,1368.6,32.0,20.00
1331752574000,1331752574000,40.115551,-88.223956,8.94,207.6,4.0,10.0,0.603,1403.9,32.0,20.39
1331752575000,1331752575000,40.115631,-88.223951,9.07,208.3,4.0,10.0,0.471,1307.4,33.0,19.80
1331752576000,1331752576000,40.115712,-88.223944,8.88,208.9,5.0,10.0,0.286,1123.7,33.0,18.43
1331752577000,1331752577000,40.115789,-88.223936,8.63,209.5,4.0,10.0,0.237,1030.4,31.5,17.65
1331752578000,1331752578000,40.115862,-88.223930,8.32,210.6,3.0,10.0,0.237,1030.4,31.5,17.65
1331752579000,1331752579000,40.115932,-88.223927,7.94,211.5,3.0,10.0,0.235,996.4,30.5,17.65
1331752580000,1331752580000,40.115999,-88.223924,7.26,212.1,1.0,10.0,0.237,926.0,28.0,17.65
1331752581000,1331752581000,40.116058,-88.223922,6.13,212.7,1.0,10.0,0.239,842.7,23.0,17.65
1331752582000,1331752582000,40.116106,-88.223920,5.00,213.2,2.0,10.0,0.236,885.4,18.0,17.65
1331752583000,1331752583000,40.116146,-88.223918,3.75,213.2,4.0,10.0,0.236,885.4,18.0,17.65
1331752584000,1331752584000,40.116173,-88.223916,2.19,213.2,6.0,10.0,0.230,806.1,11.5,17.65
1331752585000,1331752585000,40.116179,-88.223920,0.44,212.8,12.0,10.0,0.223,692.1,5.0,17.45
1331752586000,1331752586000,40.116179,-88.223919,0.06,212.9,313.0,10.0,0.214,722.2,3.0,17.25
1331752587000,1331752587000,40.116180,-88.223919,0.00,212.8,313.0,10.0,0.211,703.5,1.5,17.25
1331752588000,1331752588000,40.116180,-88.223919,0.00,212.8,313.0,10.0,0.211,703.5,1.5,17.25
1331752589000,1331752589000,40.116180,-88.223919,0.00,212.8,313.0,10.0,0.222,723.0,0.0,17.45
1331752590000,1331752590000,40.116180,-88.223919,0.00,212.8,313.0,10.0,0.387,960.0,0.0,18.24
1331752591000,1331752591000,40.116180,-88.223919,0.00,212.8,313.0,10.0,0.766,1387.0,3.5,20.98
1331752592000,1331752592000,40.116216,-88.223908,1.94,210.9,334.0,10.0,0.986,1685.9,10.5,22.94
1331752593000,1331752593000,40.116242,-88.223890,3.13,210.2,37.0,10.0,0.986,1685.9,10.5,22.94
1331752594000,1331752594000,40.116277,-88.223850,4.50,208.8,56.0,10.0,1.092,1747.5,16.0,23.33
1331752595000,1331752595000,40.116298,-88.223795,5.50,208.3,74.0,10.0,1.333,1840.1,20.0,24.71
1331752596000,1331752596000,40.116307,-88.223724,6.76,208.1,83.0,10.0,1.486,2008.5,25.5,25.49
1331752597000,1331752597000,40.116315,-88.223636,7.88,207.6,87.0,10.0,1.550,2115.9,31.0,25.69
1331752598000,1331752598000,40.116320,-88.223536,8.94,207.1,87.0,10.0,1.550,2115.9,31.0,25.69
1331752599000,1331752599000,40.116324,-88.223426,9.82,206.6,88.0,10.0,1.547,2074.9,35.0,25.88
1331752600000,1331752600000,40.116329,-88.223305,10.63,206.2,89.0,10.0,1.533,2008.9,39.0,25.88
1331752601000,1331752601000,40.116332,-88.223174,11.38,205.8,90.0,10.0,1.521,2034.2,42.0,25.88
1331752602000,1331752602000,40.116335,-88.223035,12.13,205.5,88.0,10.0,1.521,2034.2,42.0,25.88
1331752603000,1331752603000,40.116340,-88.222886,12.76,205.3,89.0,10.0,1.281,1958.9,45.0,24.71
1331752604000,1331752604000,40.116345,-88.222730,13.20,205.3,89.0,10.0,1.031,1795.2,48.0,23.33
1331752605000,1331752605000,40.116348,-88.222572,13.57,205.1,89.0,10.0,0.936,1674.1,50.0,22.75
1331752606000,1331752606000,40.116352,-88.222408,13.82,205.1,89.0,10.0,0.854,1624.5,52.0,21.96
1331752607000,1331752607000,40.116354,-88.222245,14.01,204.7,89.0,10.0,0.854,1624.5,52.0,21.96
1331752608000,1331752608000,40.116357,-88.222079,14.26,204.3,89.0,10.0,0.774,1594.0,53.0,21.57
1331752609000,1331752609000,40.116361,-88.221912,14.45,203.8,88.0,10.0,0.662,1544.0,53.0,21.37
1331752610000,1331752610000,40.116366,-88.221741,14.64,203.4,88.0,10.0,0.409,1373.7,53.0,19.22
1331752611000,1331752611000,40.116371,-88.221572,14.64,202.8,88.0,10.0,0.233,1210.9,53.0,17.45
1331752612000,1331752612000,40.116376,-88.221401,14.57,202.3,88.0,10.0,0.233,1210.9,53.0,17.45
1331752613000,1331752613000,40.116379,-88.221233,14.45,201.7,89.0,10.0,0.238,1172.1,52.5,17.65
1331752614000,1331752614000,40.116383,-88.221065,14.20,201.3,89.0,10.0,0.237,1146.7,52.5,17.65
1331752615000,1331752615000,40.116386,-88.220902,13.45,201.0,88.0,10.0,0.238,1085.1,50.0,17.65
1331752616000,1331752616000,40.116389,-88.220753,12.32,200.4,90.0,10.0,0.238,1085.1,50.0,17.65
1331752617000,1331752617000,40.116391,-88.220613,11.07,200.4,89.0,10.0,0.244,989.7,44.5,17.65
1331752618000,1331752618000,40.116396,-88.220484,10.13,200.7,89.0,10.0,0.244,930.0,39.5,17.65
1331752619000,1331752619000,40.116399,-88.220365,9.82,200.8,89.0,10.0,0.241,926.1,36.0,17.65
1331752620000,1331752620000,40.116402,-88.220249,9.76,200.9,88.0,10.0,0.239,923.0,35.0,17.65
1331752621000,1331752621000,40.116405,-88.220140,9.63,200.3,88.0,10.0,0.239,923.0,35.0,17.65
1331752622000,1331752622000,40.116409,-88.220028,9.51,200.2,87.0,10.0,0.239,914.7,34.5,17.65
1331752623000,1331752623000,40.116416,-88.219916,9.26,200.4,87.0,10.0,0.239,894.0,34.0,17.65
1331752624000,1331752624000,40.116420,-88.219812,8.63,200.4,87.0,10.0,0.239,853.4,32.0,17.65
1331752625000,1331752625000,40.116424,-88.219716,7.63,200.5,88.0,10.0,0.241,849.5,27.0,17.65
1331752626000,1331752626000,40.116426,-88.219636,6.32,200.4,89.0,10.0,0.241,849.5,27.0,17.65
1331752627000,1331752627000,40.116428,-88.219571,4.88,200.5,89.0,10.0,0.239,889.0,21.5,17.65
1331752628000,1331752628000,40.116429,-88.219523,3.57,200.5,88.0,10.0,0.234,905.7,16.0,17.65
1331752629000,1331752629000,40.116430,-88.219487,2.75,200.5,89.0,10.0,0.228,848.4,10.5,17.65
1331752630000,1331752630000,40.116431,-88.219460,2.00,200.5,88.0,10.0,0.224,754.6,7.0,17.45
1331752631000,1331752631000,40.116433,-88.219441,1.31,200.7,88.0,10.0,0.224,754.6,7.0,17.45
1331752632000,1331752632000,40.116435,-88.219426,0.81,201.0,88.0,10.0,0.217,714.0,4.5,17.25
1331752633000,1331752633000,40.116436,-88.219418,0.00,201.2,88.0,10.0,0.210,703.1,3.0,17.25
1331752634000,1331752634000,40.116436,-88.219418,0.00,201.2,88.0,10.0,0.209,693.2,3.0,17.25
1331752635000,1331752635000,40.116436,-88.219418,0.00,201.2,88.0,10.0,0.209,693.2,3.0,17.25
1331752636000,1331752636000,40.116436,-88.219418,0.00,201.2,88.0,10.0,0.209,697.1,1.5,17.25
1331752637000,1331752637000,40.116436,-88.219418,0.00,201.2,88.0,10.0,0.210,705.0,0.0,17.25
1331752638000,1331752638000,40.116436,-88.219418,0.00,201.2,88.0,10.0,0.312,844.9,0.0,17.45
1331752639000,1331752639000,40.116436,-88.219418,0.00,201.2,88.0,10.0,0.580,1210.9,3.0,20.00
1331752640000,1331752640000,40.116443,-88.219387,1.88,201.9,86.0,10.0,0.714,1453.7,8.5,21.96
1331752641000,1331752641000,40.116451,-88.219360,3.00,201.8,65.0,10.0,0.714,1453.7,8.5,21.96
1331752642000,1331752642000,40.116467,-88.219329,3.57,201.7,50.0,10.0,0.472,1177.2,12.0,20.20
1331752643000,1331752643000,40.116491,-88.219305,3.50,201.5,34.0,10.0,0.248,860.5,13.5,18.24
1331752644000,1331752644000,40.116519,-88.219292,3.44,201.0,20.0,10.0,0.229,861.2,13.5,17.45
1331752645000,1331752645000,40.116550,-88.219284,3.50,200.7,16.0,10.0,0.444,1245.2,13.5,19.22
1331752646000,1331752646000,40.116582,-88.219284,3.57,200.6,0.0,10.0,0.444,1245.2,13.5,19.22
1331752647000,1331752647000,40.116619,-88.219286,4.32,200.5,358.0,10.0,0.748,1608.5,15.0,21.96
1331752648000,1331752648000,40.116665,-88.219289,5.32,200.2,357.0,10.0,0.933,1681.5,18.5,22.94
1331752649000,1331752649000,40.116720,-88.219293,6.32,200.0,358.0,10.0,0.945,1742.9,23.0,23.33
1331752650000,1331752650000,40.116784,-88.219298,7.26,199.8,358.0,10.0,0.848,1645.6,26.5,22.75
1331752651000,1331752651000,40.116854,-88.219300,7.82,199.6,359.0,10.0,0.848,1645.6,26.5,22.75
1331752652000,1331752652000,40.116927,-88.219303,8.19,199.6,0.0,10.0,0.818,1553.0,30.0,21.76
1331752653000,1331752653000,40.117003,-88.219305,8.63,199.8,0.0,10.0,0.789,1554.6,32.0,21.57
1331752654000,1331752654000,40.117081,-88.219308,8.94,200.1,359.0,10.0,0.850,1605.7,33.0,21.96
1331752655000,1331752655000,40.117163,-88.219313,9.38,200.3,357.0,10.0,0.722,1547.5,35.0,21.96
1331752656000,1331752656000,40.117250,-88.219319,9.76,200.5,357.0,10.0,0.722,1547.5,35.0,21.96
1331752657000,1331752657000,40.117339,-88.219326,9.82,200.7,358.0,10.0,0.383,1269.4,36.0,19.61
1331752658000,1331752658000,40.117426,-88.219331,9.32,201.0,359.0,10.0,0.242,1090.1,35.0,17.65
1331752659000,1331752659000,40.117507,-88.219329,8.88,201.4,2.0,10.0,0.240,1067.5,33.0,17.65
1331752660000,1331752660000,40.117586,-88.219321,8.57,201.6,5.0,10.0,0.240,1067.5,33.0,17.65
1331752661000,1331752661000,40.117662,-88.219312,8.38,201.6,6.0,10.0,0.239,1037.4,31.5,17.65
1331752662000,1331752662000,40.117734,-88.219304,8.07,201.8,5.0,10.0,0.239,996.0,30.0,17.65
1331752663000,1331752663000,40.117800,-88.219302,7.44,201.9,2.0,10.0,0.240,952.2,28.0,17.65
1331752664000,1331752664000,40.117864,-88.219303,7.07,201.9,1.0,10.0,0.240,912.4,26.5,17.65
1331752665000,1331752665000,40.117921,-88.219308,6.44,201.9,359.0,10.0,0.240,912.4,26.5,17.65
1331752666000,1331752666000,40.117973,-88.219313,6.25,202.4,359.0,10.0,0.238,891.2,24.5,17.65
1331752667000,1331752667000,40.118028,-88.219316,6.13,202.5,359.0,10.0,0.444,1127.6,23.5,19.02
1331752668000,1331752668000,40.118085,-88.219318,6.25,202.6,359.0,10.0,0.770,1451.5,24.0,21.18
1331752669000,1331752669000,40.118145,-88.219321,6.63,202.7,359.0,10.0,0.994,1607.4,25.0,22.55
1331752670000,1331752670000,40.118208,-88.219324,7.07,202.9,359.0,10.0,0.994,1607.4,25.0,22.55
1331752671000,1331752671000,40.118276,-88.219326,7.63,203.2,0.0,10.0,1.213,1744.5,28.0,23.92
1331752672000,1331752672000,40.118349,-88.219329,8.38,203.4,0.0,10.0,1.398,1864.4,31.0,25.29
1331752673000,1331752673000,40.118429,-88.219331,9.13,203.6,0.0,10.0,1.384,1895.6,34.0,25.29
1331752674000,1331752674000,40.118517,-88.219333,9.76,203.6,0.0,10.0,1.333,1898.4,37.0,24.90
1331752675000,1331752675000,40.118611,-88.219334,10.32,203.6,0.0,10.0,1.333,1898.4,37.0,24.90
1331752676000,1331752676000,40.118708,-88.219334,10.82,203.8,0.0,10.0,1.214,1860.9,38.0,24.31
1331752677000,1331752677000,40.118809,-88.219335,11.13,204.0,0.0,10.0,1.025,1795.2,40.0,23.14
1331752678000,1331752678000,40.118912,-88.219337,11.38,204.2,0.0,10.0,0.794,1687.7,43.0,21.37
1331752679000,1331752679000,40.119017,-88.219338,11.51,204.3,0.0,10.0,0.628,1599.5,43.0,20.59
1331752680000,1331752680000,40.119122,-88.219339,11.51,204.5,0.0,10.0,0.628,1599.5,43.0,20.59
1331752681000,1331752681000,40.119226,-88.219340,11.45,204.7,0.0,10.0,0.456,1348.0,43.0,19.22
1331752682000,1331752682000,40.119328,-88.219340,11.26,205.1,0.0,10.0,0.257,1177.6,42.5,17.45
1331752683000,1331752683000,40.119430,-88.219342,10.82,205.1,0.0,10.0,0.258,1226.9,40.0,17.65
1331752684000,1331752684000,40.119528,-88.219345,10.45,205.2,359.0,10.0,0.258,1226.9,40.0,17.65
1331752685000,1331752685000,40.119620,-88.219348,9.95,205.4,359.0,10.0,0.255,1162.5,38.0,17.65
1331752686000,1331752686000,40.119709,-88.219353,9.51,205.9,358.0,10.0,0.254,1129.6,36.0,17.65
1331752687000,1331752687000,40.119794,-88.219356,9.13,206.3,359.0,10.0,0.365,1195.2,34.0,18.63
1331752688000,1331752688000,40.119875,-88.219357,8.94,206.5,0.0,10.0,0.353,1173.7,33.0,18.43
1331752689000,1331752689000,40.119954,-88.219358,8.63,206.9,0.0,10.0,0.353,1173.7,33.0,18.43
1331752690000,1331752690000,40.120031,-88.219360,8.07,207.1,0.0,10.0,0.235,1038.9,32.0,17.45
1331752691000,1331752691000,40.120103,-88.219364,7.82,207.2,358.0,10.0,0.475,1188.5,30.0,18.24
1331752692000,1331752692000,40.120173,-88.219372,7.76,207.5,355.0,10.0,0.861,1520.6,29.5,20.98
1331752693000,1331752693000,40.120246,-88.219382,8.19,207.6,355.0,10.0,0.942,1641.4,31.0,22.55
1331752694000,1331752694000,40.120324,-88.219392,8.76,207.7,355.0,10.0,0.906,1646.4,32.0,22.16
1331752695000,1331752695000,40.120404,-88.219401,9.07,208.1,356.0,10.0,0.906,1646.4,32.0,22.16
1331752696000,1331752696000,40.120489,-88.219407,9.51,208.4,359.0,10.0,0.931,1694.0,34.0,22.75
1331752697000,1331752697000,40.120577,-88.219412,10.01,208.6,359.0,10.0,0.903,1702.2,37.0,22.75
1331752698000,1331752698000,40.120672,-88.219415,10.45,208.4,359.0,10.0,0.753,1631.1,39.0,21.57
1331752699000,1331752699000,40.120775,-88.219417,10.95,207.5,0.0,10.0,0.753,1631.1,39.0,21.57
1331752700000,1331752700000,40.120878,-88.219417,11.26,206.9,0.0,10.0,0.500,1427.2,41.0,19.61
1331752701000,1331752701000,40.120983,-88.219417,11.38,206.2,0.0,10.0,0.479,1411.6,42.0,19.41
1331752702000,1331752702000,40.121088,-88.219417,11.63,205.9,0.0,10.0,0.557,1547.1,42.5,20.20
1331752703000,1331752703000,40.121194,-88.219418,11.88,205.6,0.0,10.0,0.499,1560.9,44.0,20.00
1331752704000,1331752704000,40.121304,-88.219423,12.13,205.2,359.0,10.0,0.499,1560.9,44.0,20.00
1331752705000,1331752705000,40.121416,-88.219427,12.32,205.0,359.0,10.0,0.475,1427.2,45.0,19.80
1331752706000,1331752706000,40.121528,-88.219430,12.38,204.7,0.0,10.0,0.512,1335.7,45.5,19.80
1331752707000,1331752707000,40.121642,-88.219431,12.57,204.3,0.0,10.0,0.538,1379.9,46.0,20.00
1331752708000,1331752708000,40.121757,-88.219432,12.70,203.9,0.0,10.0,0.550,1392.0,47.0,20.00
1331752709000,1331752709000,40.121873,-88.219435,12.82,203.6,0.0,10.0,0.550,1392.0,47.0,20.00
1331752710000,1331752710000,40.121990,-88.219438,12.95,203.4,0.0,10.0,0.558,1405.4,48.0,20.00
1331752711000,1331752711000,40.122107,-88.219441,13.01,203.4,0.0,10.0,0.652,1478.9,49.0,20.39
1331752712000,1331752712000,40.122226,-88.219443,13.14,203.5,0.0,10.0,0.923,1656.6,49.0,21.96
1331752713000,1331752713000,40.122345,-88.219444,13.32,203.8,0.0,10.0,0.923,1656.6,49.0,21.96
1331752714000,1331752714000,40.122466,-88.219445,13.64,204.0,359.0,10.0,1.121,1788.2,49.0,23.53
1331752715000,1331752715000,40.122591,-88.219445,13.95,204.1,0.0,10.0,1.175,1832.4,51.0,23.92
1331752716000,1331752716000,40.122718,-88.219448,14.32,204.4,359.0,10.0,1.241,1878.9,53.0,24.31
1331752717000,1331752717000,40.122849,-88.219448,14.70,204.4,0.0,10.0,1.309,1924.9,54.5,24.71
1331752718000,1331752718000,40.122982,-88.219451,15.07,204.8,359.0,10.0,1.309,1924.9,54.5,24.71
1331752719000,1331752719000,40.123119,-88.219454,15.39,205.3,359.0,10.0,1.135,1860.0,56.5,24.12
1331752720000,1331752720000,40.123258,-88.219457,15.57,205.9,359.0,10.0,1.095,1817.5,58.5,23.73
1331752721000,1331752721000,40.123398,-88.219458,15.70,206.4,359.0,10.0,1.165,1846.4,58.5,23.53
1331752722000,1331752722000,40.123540,-88.219458,15.83,206.8,0.0,10.0,1.165,1846.4,58.5,23.53
1331752723000,1331752723000,40.123684,-88.219462,16.01,207.3,359.0,10.0,0.911,1756.1,59.0,22.35
1331752724000,1331752724000,40.123830,-88.219465,16.01,207.6,359.0,10.0,0.780,1683.9,60.0,21.57
1331752725000,1331752725000,40.123975,-88.219467,16.01,207.7,359.0,10.0,0.837,1705.7,59.5,21.76
1331752726000,1331752726000,40.124120,-88.219469,16.01,207.9,0.0,10.0,0.862,1724.1,59.0,21.96
1331752727000,1331752727000,40.124265,-88.219467,16.01,208.1,1.0,10.0,0.862,1724.1,59.0,21.96
1331752728000,1331752728000,40.124410,-88.219465,15.64,207.7,1.0,10.0,0.858,1726.9,59.0,21.96
1331752729000,1331752729000,40.124556,-88.219465,16.26,207.1,0.0,10.0,0.742,1658.9,59.0,21.18
1331752730000,1331752730000,40.124704,-88.219466,16.26,207.0,0.0,10.0,0.529,1535.4,59.0,20.20
1331752731000,1331752731000,40.124851,-88.219468,16.33,207.0,359.0,10.0,0.333,1326.4,58.5,18.63
1331752732000,1331752732000,40.124996,-88.219471,15.76,207.2,359.0,10.0,0.333,1326.4,58.5,18.63
1331752733000,1331752733000,40.125139,-88.219472,15.64,207.0,359.0,10.0,0.394,1331.5,57.5,18.63
1331752734000,1331752734000,40.125282,-88.219477,15.57,206.5,359.0,10.0,0.607,1533.1,57.0,20.39
1331752735000,1331752735000,40.125427,-88.219482,15.57,205.6,0.0,10.0,0.679,1587.0,57.5,20.78
1331752736000,1331752736000,40.125569,-88.219483,15.57,205.5,0.0,10.0,0.695,1605.0,58.5,20.98
1331752737000,1331752737000,40.125709,-88.219486,15.70,205.2,0.0,10.0,0.695,1605.0,58.5,20.98
1331752738000,1331752738000,40.125850,-88.219486,15.76,205.0,0.0,10.0,0.694,1612.9,58.5,21.18
1331752739000,1331752739000,40.125990,-88.219488,15.76,205.0,0.0,10.0,0.695,1616.0,58.0,21.18
1331752740000,1331752740000,40.126131,-88.219489,15.76,205.0,359.0,10.0,0.697,1618.2,58.0,21.18
1331752741000,1331752741000,40.126274,-88.219492,15.70,205.2,359.0,10.0,0.707,1625.2,58.0,21.37
1331752742000,1331752742000,40.126416,-88.219493,15.64,205.4,359.0,10.0,0.707,1625.2,58.0,21.37
1331752743000,1331752743000,40.126558,-88.219494,15.51,205.8,0.0,10.0,0.683,1599.9,58.0,20.98
1331752744000,1331752744000,40.126698,-88.219494,15.39,206.1,0.0,10.0,0.600,1540.1,57.5,20.20
1331752745000,1331752745000,40.126837,-88.219495,15.32,206.3,0.0,10.0,0.512,1484.7,56.5,19.41
1331752746000,1331752746000,40.126975,-88.219495,15.26,206.4,0.0,10.0,0.512,1484.7,56.5,19.41
1331752747000,1331752747000,40.127112,-88.219494,15.20,206.6,1.0,10.0,0.518,1482.7,56.0,19.41
1331752748000,1331752748000,40.127250,-88.219491,15.20,206.7,0.0,10.0,0.572,1520.2,56.0,20.00
1331752749000,1331752749000,40.127388,-88.219490,15.39,206.7,0.0,10.0,0.642,1568.2,56.0,20.39
1331752750000,1331752750000,40.127531,-88.219491,15.70,206.5,0.0,10.0,0.709,1617.4,57.0,20.98
1331752751000,1331752751000,40.127674,-88.219492,15.95,206.3,0.0,10.0,0.731,1641.6,58.5,21.18
1331752752000,1331752752000,40.127820,-88.219493,16.08,206.3,0.0,10.0,0.731,1641.6,58.5,21.18
1331752753000,1331752753000,40.127965,-88.219496,16.14,206.4,359.0,10.0,0.749,1656.5,59.0,21.18
1331752754000,1331752754000,40.128112,-88.219500,16.26,206.4,359.0,10.0,0.762,1667.1,60.0,21.37
1331752755000,1331752755000,40.128257,-88.219503,16.20,206.5,359.0,10.0,0.778,1680.4,60.5,21.57
1331752756000,1331752756000,40.128404,-88.219505,16.45,206.6,359.0,10.0,0.731,1666.6,60.5,21.18
1331752757000,1331752757000,40.128554,-88.219509,16.45,206.7,359.0,10.0,0.731,1666.6,60.5,21.18
1331752758000,1331752758000,40.128700,-88.219512,16.08,206.9,359.0,10.0,0.628,1628.4,61.5,20.39
1331752759000,1331752759000,40.128845,-88.219517,16.26,207.0,359.0,10.0,0.599,1601.5,61.0,20.20
1331752760000,1331752760000,40.128995,-88.219515,16.58,207.3,0.0,10.0,0.533,1546.9,60.0,20.00
1331752761000,1331752761000,40.129145,-88.219516,16.39,207.5,359.0,10.0,0.341,1359.7,59.5,18.43
1331752762000,1331752762000,40.129293,-88.219519,16.20,207.6,359.0,10.0,0.341,1359.7,59.5,18.43
1331752763000,1331752763000,40.129440,-88.219520,16.14,207.7,0.0,10.0,0.237,1262.4,59.0,17.25
1331752764000,1331752764000,40.129586,-88.219518,15.89,208.0,0.0,10.0,0.288,1369.0,58.5,17.84
1331752765000,1331752765000,40.129729,-88.219519,15.70,208.2,359.0,10.0,0.394,1454.2,58.0,18.82
1331752766000,1331752766000,40.129871,-88.219520,15.83,208.0,359.0,10.0,0.394,1454.2,58.0,18.82
1331752767000,1331752767000,40.130015,-88.219520,15.89,207.6,359.0,10.0,0.472,1492.9,58.0,19.41
1331752768000,1331752768000,40.130156,-88.219523,15.89,206.8,359.0,10.0,0.384,1445.6,58.5,19.22
1331752769000,1331752769000,40.130303,-88.219524,15.64,207.0,359.0,10.0,0.391,1426.9,58.5,18.82
1331752770000,1331752770000,40.130447,-88.219527,15.89,206.8,0.0,10.0,0.432,1432.6,58.0,18.63
1331752771000,1331752771000,40.130592,-88.219529,15.70,206.9,0.0,10.0,0.432,1432.6,58.0,18.63
1331752772000,1331752772000,40.130734,-88.219528,15.83,207.0,0.0,10.0,0.294,1311.5,58.5,17.84
1331752773000,1331752773000,40.130872,-88.219529,15.51,206.8,0.0,10.0,0.237,1210.4,57.5,17.45
1331752774000,1331752774000,40.131007,-88.219530,15.20,206.3,1.0,10.0,0.237,1191.6,55.5,17.65
1331752775000,1331752775000,40.131138,-88.219532,14.95,206.0,0.0,10.0,0.240,1185.0,54.5,17.65
1331752776000,1331752776000,40.131270,-88.219530,14.51,206.0,1.0,10.0,0.240,1185.0,54.5,17.65
1331752777000,1331752777000,40.131398,-88.219527,14.01,206.3,0.0,10.0,0.242,1153.7,52.5,17.65
1331752778000,1331752778000,40.131518,-88.219522,13.14,206.5,0.0,10.0,0.242,1094.4,48.5,17.65
1331752779000,1331752779000,40.131626,-88.219524,12.20,206.1,359.0,10.0,0.247,1023.0,44.5,17.65
1331752780000,1331752780000,40.131724,-88.219529,10.88,205.7,0.0,10.0,0.244,958.5,40.5,17.65
1331752781000,1331752781000,40.131816,-88.219530,10.01,205.6,0.0,10.0,0.244,958.5,40.5,17.65
1331752782000,1331752782000,40.131903,-88.219531,9.63,205.8,1.0,10.0,0.234,930.7,36.5,17.65
1331752783000,1331752783000,40.131986,-88.219531,9.57,205.8,0.0,10.0,0.234,925.7,35.0,17.65
1331752784000,1331752784000,40.132069,-88.219530,9.32,205.8,0.0,10.0,0.234,921.0,34.5,17.65
1331752785000,1331752785000,40.132151,-88.219530,9.26,205.6,0.0,10.0,0.234,919.4,34.0,17.65
1331752786000,1331752786000,40.132232,-88.219529,9.19,205.4,0.0,10.0,0.234,919.4,34.0,17.65
1331752787000,1331752787000,40.132313,-88.219528,9.13,205.2,0.0,10.0,0.277,970.1,34.5,17.84
1331752788000,1331752788000,40.132394,-88.219527,9.01,205.1,0.0,10.0,0.482,1188.1,34.0,18.82
1331752789000,1331752789000,40.132474,-88.219526,9.01,205.1,0.0,10.0,0.834,1488.1,34.0,21.37
1331752790000,1331752790000,40.132556,-88.219524,9.26,205.1,0.0,10.0,1.023,1634.6,35.0,23.14
1331752791000,1331752791000,40.132641,-88.219524,9.57,205.2,0.0,10.0,1.023,1634.6,35.0,23.14
1331752792000,1331752792000,40.132729,-88.219523,9.95,205.3,0.0,10.0,1.025,1655.7,36.0,23.14
1331752793000,1331752793000,40.132819,-88.219523,10.20,205.4,0.0,10.0,1.043,1676.9,38.0,23.33
1331752794000,1331752794000,40.132912,-88.219524,10.45,205.6,0.0,10.0,1.058,1690.1,39.0,23.53
1331752795000,1331752795000,40.133007,-88.219524,10.63,205.9,0.0,10.0,1.027,1682.6,40.0,23.53
1331752796000,1331752796000,40.133104,-88.219524,10.76,206.1,0.0,10.0,1.027,1682.6,40.0,23.53
1331752797000,1331752797000,40.133201,-88.219524,10.88,206.4,0.0,10.0,0.964,1647.5,40.5,22.94
1331752798000,1331752798000,40.133300,-88.219524,10.88,206.8,0.0,10.0,0.936,1615.1,40.0,22.35
1331752799000,1331752799000,40.133398,-88.219524,10.88,207.2,0.0,10.0,0.858,1547.6,40.0,21.96
1331752800000,1331752800000,40.133496,-88.219524,10.88,207.6,0.0,10.0,0.716,1453.5,39.5,20.98
1331752801000,1331752801000,40.133593,-88.219523,10.70,208.0,1.0,10.0,0.716,1453.5,39.5,20.98
1331752802000,1331752802000,40.133688,-88.219523,10.57,208.4,0.0,10.0,0.736,1474.1,39.0,20.98
1331752803000,1331752803000,40.133783,-88.219522,10.57,208.7,0.0,10.0,0.894,1584.2,39.0,22.16
1331752804000,1331752804000,40.133878,-88.219521,10.63,209.0,0.0,10.0,0.998,1656.1,40.0,22.94
1331752805000,1331752805000,40.133975,-88.219520,10.82,209.3,0.0,10.0,1.027,1682.6,40.5,23.14
1331752806000,1331752806000,40.134074,-88.219519,11.01,209.5,0.0,10.0,1.027,1682.6,40.5,23.14
1331752807000,1331752807000,40.134174,-88.219519,11.26,209.7,0.0,10.0,1.034,1695.1,41.0,23.14
1331752808000,1331752808000,40.134277,-88.219518,11.51,209.9,1.0,10.0,1.040,1702.2,43.0,23.14
1331752809000,1331752809000,40.134381,-88.219516,11.70,210.1,0.0,10.0,0.981,1667.1,44.5,22.94
1331752810000,1331752810000,40.134488,-88.219516,11.95,210.3,0.0,10.0,0.981,1667.1,44.5,22.94
1331752811000,1331752811000,40.134597,-88.219517,12.13,210.5,359.0,10.0,0.826,1575.6,45.0,21.96
1331752812000,1331752812000,40.134707,-88.219519,12.20,210.6,359.0,10.0,0.804,1563.9,45.0,21.57
1331752813000,1331752813000,40.134818,-88.219523,12.32,210.7,358.0,10.0,0.547,1349.5,45.0,19.80
1331752814000,1331752814000,40.134928,-88.219529,12.32,210.8,357.0,10.0,0.228,1086.6,45.0,17.65
1331752815000,1331752815000,40.135039,-88.219537,12.13,210.8,357.0,10.0,0.228,1086.6,45.0,17.65
1331752816000,1331752816000,40.135148,-88.219546,12.01,210.8,356.0,10.0,0.238,1071.0,45.0,17.65
1331752817000,1331752817000,40.135254,-88.219554,11.70,210.7,357.0,10.0,0.236,1041.4,44.0,17.65
1331752818000,1331752818000,40.135357,-88.219560,11.13,210.6,358.0,10.0,0.235,988.6,41.5,17.65
1331752819000,1331752819000,40.135454,-88.219565,10.38,210.6,358.0,10.0,0.236,934.6,38.0,17.65
1331752820000,1331752820000,40.135544,-88.219568,9.57,210.5,358.0,10.0,0.236,934.6,38.0,17.65
1331752821000,1331752821000,40.135626,-88.219573,8.76,210.4,356.0,10.0,0.236,881.5,34.5,17.65
1331752822000,1331752822000,40.135701,-88.219587,8.01,210.2,347.0,10.0,0.312,900.6,31.0,17.45
1331752823000,1331752823000,40.135767,-88.219617,7.76,210.1,335.0,10.0,0.325,927.1,28.5,17.45
1331752824000,1331752824000,40.135823,-88.219669,7.82,210.0,319.0,10.0,0.515,1200.6,29.0,20.00
1331752825000,1331752825000,40.135871,-88.219736,7.82,210.0,311.0,10.0,0.515,1200.6,29.0,20.00
1331752826000,1331752826000,40.135902,-88.219820,7.63,210.0,298.0,10.0,0.752,1469.0,30.5,21.76
1331752827000,1331752827000,40.135896,-88.219932,7.94,209.8,274.0,10.0,0.907,1549.9,33.0,21.96
1331752828000,1331752828000,40.135858,-88.220054,9.01,209.4,255.0,10.0,1.225,1742.1,35.0,24.12
1331752829000,1331752829000,40.135815,-88.220185,9.88,209.3,254.0,10.0,1.432,1844.5,37.0,25.49
1331752830000,1331752830000,40.135775,-88.220314,10.57,209.2,252.0,10.0,1.432,1844.5,37.0,25.49
1331752831000,1331752831000,40.135735,-88.220448,11.26,209.2,251.0,10.0,1.482,1885.5,41.0,25.69
1331752832000,1331752832000,40.135697,-88.220586,12.01,209.0,252.0,10.0,1.505,1933.5,44.0,25.88
1331752833000,1331752833000,40.135659,-88.220725,12.70,208.7,251.0,10.0,1.634,2010.5,47.0,26.27
1331752834000,1331752834000,40.135620,-88.220872,13.51,208.3,252.0,10.0,1.634,2010.5,47.0,26.27
1331752835000,1331752835000,40.135579,-88.221030,14.45,208.1,252.0,10.0,1.778,2092.1,51.0,27.25
1331752836000,1331752836000,40.135534,-88.221196,15.32,207.6,252.0,10.0,1.583,2041.6,55.5,26.67
1331752837000,1331752837000,40.135488,-88.221373,16.01,207.2,252.0,10.0,1.337,1972.1,60.5,25.10
1331752838000,1331752838000,40.135439,-88.221556,16.64,206.6,252.0,10.0,1.314,1976.5,63.0,24.51
1331752839000,1331752839000,40.135389,-88.221746,17.26,206.1,252.0,10.0,1.314,1976.5,63.0,24.51
1331752840000,1331752840000,40.135341,-88.221944,17.76,205.7,253.0,10.0,1.147,1910.1,65.0,23.53
1331752841000,1331752841000,40.135293,-88.222147,18.08,205.2,254.0,10.0,0.914,1821.0,67.5,22.16
1331752842000,1331752842000,40.135248,-88.222354,18.20,204.8,255.0,10.0,0.965,1857.2,68.0,22.16
1331752843000,1331752843000,40.135211,-88.222564,18.39,204.6,258.0,10.0,1.380,2058.1,68.5,24.31
1331752844000,1331752844000,40.135181,-88.222778,18.58,204.5,261.0,10.0,1.380,2058.1,68.5,24.31
1331752845000,1331752845000,40.135160,-88.222999,19.14,204.5,264.0,10.0,1.787,2239.7,70.0,26.67
1331752846000,1331752846000,40.135147,-88.223231,19.52,204.7,265.0,10.0,2.064,2334.6,72.0,28.43
1331752847000,1331752847000,40.135138,-88.223469,20.14,204.8,267.0,10.0,2.336,2432.4,74.5,30.39
1331752848000,1331752848000,40.135131,-88.223712,20.64,204.8,268.0,10.0,2.336,2432.4,74.5,30.39
1331752849000,1331752849000,40.135127,-88.223964,21.27,204.8,268.0,10.0,2.459,2492.9,77.5,31.57
1331752850000,1331752850000,40.135122,-88.224220,21.77,205.2,268.0,10.0,2.383,2497.1,80.5,31.18
1331752851000,1331752851000,40.135117,-88.224482,22.33,205.3,268.0,10.0,2.343,2504.6,83.0,30.59
1331752852000,1331752852000,40.135112,-88.224750,22.77,205.4,268.0,10.0,2.343,2504.6,83.0,30.59
1331752853000,1331752853000,40.135106,-88.225024,23.33,205.5,268.0,10.0,2.245,2276.5,84.5,30.59
1331752854000,1331752854000,40.135101,-88.225303,23.77,205.5,268.0,10.0,2.111,2058.9,86.5,30.59
1331752855000,1331752855000,40.135098,-88.225590,24.39,205.3,269.0,10.0,2.157,2118.2,90.5,30.78
1331752856000,1331752856000,40.135095,-88.225883,25.02,205.0,269.0,10.0,2.245,2192.1,94.0,30.98
1331752857000,1331752857000,40.135092,-88.226184,25.77,204.5,269.0,10.0,2.245,2192.1,94.0,30.98
1331752858000,1331752858000,40.135091,-88.226495,26.40,204.0,269.0,10.0,2.344,2261.6,97.0,31.37
1331752859000,1331752859000,40.135088,-88.226812,26.90,203.9,269.0,10.0,2.423,2317.9,100.0,31.96
1331752860000,1331752860000,40.135083,-88.227133,27.40,203.9,268.0,10.0,2.286,2360.9,102.0,31.37
1331752861000,1331752861000,40.135075,-88.227458,27.77,204.0,268.0,10.0,2.090,2390.9,103.0,29.61
1331752862000,1331752862000,40.135067,-88.227787,28.02,204.2,268.0,10.0,2.090,2390.9,103.0,29.61
1331752863000,1331752863000,40.135060,-88.228118,28.02,204.7,268.0,10.0,1.932,2401.0,103.5,27.84
1331752864000,1331752864000,40.135053,-88.228448,27.96,205.5,268.0,10.0,1.724,2390.5,103.5,26.27
1331752865000,1331752865000,40.135045,-88.228778,27.90,206.3,268.0,10.0,1.630,2378.7,103.0,25.49
1331752866000,1331752866000,40.135039,-88.229105,27.77,207.1,269.0,10.0,1.630,2378.7,103.0,25.49
1331752867000,1331752867000,40.135034,-88.229432,27.65,207.9,269.0,10.0,1.639,2366.6,102.5,25.69
1331752868000,1331752868000,40.135030,-88.229757,27.52,208.7,269.0,10.0,1.721,2355.0,102.0,26.27
1331752869000,1331752869000,40.135027,-88.230081,27.40,209.6,269.0,10.0,1.823,2344.9,102.0,26.86
1331752870000,1331752870000,40.135024,-88.230403,27.40,210.3,269.0,10.0,1.846,2340.5,101.5,27.06
1331752871000,1331752871000,40.135021,-88.230725,27.33,211.1,269.0,10.0,1.846,2340.5,101.5,27.06
1331752872000,1331752872000,40.135018,-88.231047,27.40,211.8,269.0,10.0,1.855,2345.5,101.0,27.25
1331752873000,1331752873000,40.135015,-88.231370,27.46,212.4,270.0,10.0,1.871,2353.4,101.0,27.45
1331752874000,1331752874000,40.135012,-88.231693,27.58,212.9,269.0,10.0,1.793,2363.2,101.0,26.86
1331752875000,1331752875000,40.135010,-88.232018,27.65,213.2,270.0,10.0,1.643,2370.6,102.0,25.88
1331752876000,1331752876000,40.135008,-88.232343,27.71,213.4,270.0,10.0,1.643,2370.6,102.0,25.88
1331752877000,1331752877000,40.135005,-88.232669,27.77,213.6,269.0,10.0,1.506,2376.4,103.5,25.49
1331752878000,1331752878000,40.135003,-88.232996,27.83,213.6,269.0,10.0,1.291,2379.5,103.5,24.71
1331752879000,1331752879000,40.134999,-88.233324,27.90,213.6,269.0,10.0,1.072,2373.7,103.5,23.14
1331752880000,1331752880000,40.134996,-88.233651,27.83,213.5,269.0,10.0,1.072,2373.7,103.5,23.14
1331752881000,1331752881000,40.134993,-88.233978,27.77,213.4,269.0,10.0,0.902,2369.5,103.0,21.96
1331752882000,1331752882000,40.134989,-88.234303,27.71,213.1,269.0,10.0,0.844,2366.4,102.5,21.76
1331752883000,1331752883000,40.134985,-88.234628,27.65,212.8,269.0,10.0,0.870,2363.2,102.5,22.16
1331752884000,1331752884000,40.134981,-88.234953,27.71,212.5,269.0,10.0,0.848,2365.5,102.5,21.96
1331752885000,1331752885000,40.134976,-88.235279,27.77,211.9,269.0,10.0,0.848,2365.5,102.5,21.96
1331752886000,1331752886000,40.134973,-88.235605,27.83,211.2,269.0,10.0,0.872,2374.5,103.0,21.76
1331752887000,1331752887000,40.134969,-88.235933,27.96,210.5,269.0,10.0,0.797,2388.2,103.5,21.76
1331752888000,1331752888000,40.134965,-88.236262,28.02,209.7,269.0,10.0,0.581,2358.1,103.0,20.20
1331752889000,1331752889000,40.134961,-88.236590,27.83,209.2,269.0,10.0,0.581,2358.1,103.0,20.20
1331752890000,1331752890000,40.134956,-88.236916,27.65,208.8,269.0,10.0,0.689,2413.1,102.0,19.80
1331752891000,1331752891000,40.134950,-88.237240,27.58,208.5,269.0,10.0,1.285,2438.5,102.0,23.33
1331752892000,1331752892000,40.134942,-88.237565,27.71,208.3,268.0,10.0,1.648,2379.5,102.5,25.88
1331752893000,1331752893000,40.134931,-88.237891,27.90,208.3,268.0,10.0,1.648,2379.5,102.5,25.88
1331752894000,1331752894000,40.134919,-88.238218,27.96,208.2,268.0,10.0,1.648,2392.7,103.0,25.88
1331752895000,1331752895000,40.134909,-88.238547,28.08,208.1,268.0,10.0,1.430,2395.1,103.5,24.51
1331752896000,1331752896000,40.134901,-88.238876,28.02,208.2,269.0,10.0,1.336,2395.1,103.5,23.92
1331752897000,1331752897000,40.134897,-88.239205,28.02,208.2,269.0,10.0,1.336,2395.1,103.5,23.92
1331752898000,1331752898000,40.134894,-88.239537,28.15,208.3,269.0,10.0,1.443,2401.7,103.5,24.71
1331752899000,1331752899000,40.134892,-88.239868,28.21,208.2,269.0,10.0,1.430,2414.7,104.0,24.71
1331752900000,1331752900000,40.134889,-88.240201,28.40,208.0,270.0,10.0,1.158,2429.6,105.0,23.92
1331752901000,1331752901000,40.134886,-88.240536,28.46,207.3,270.0,10.0,0.899,2435.9,105.5,23.14
1331752902000,1331752902000,40.134885,-88.240872,28.52,206.7,270.0,10.0,0.899,2435.9,105.5,23.14
1331752903000,1331752903000,40.134884,-88.241208,28.52,206.4,270.0,10.0,0.795,2432.7,105.0,22.55
1331752904000,1331752904000,40.134884,-88.241543,28.40,206.3,270.0,10.0,0.815,2477.2,105.0,21.76
1331752905000,1331752905000,40.134883,-88.241876,28.21,206.1,270.0,10.0,1.038,2467.1,105.0,22.35
1331752906000,1331752906000,40.134881,-88.242208,28.21,205.9,270.0,10.0,1.178,2410.9,104.5,23.73
1331752907000,1331752907000,40.134879,-88.242540,28.21,205.6,270.0,10.0,1.178,2410.9,104.5,23.73
1331752908000,1331752908000,40.134878,-88.242872,28.21,205.6,269.0,10.0,1.333,2412.4,104.0,24.51
1331752909000,1331752909000,40.134875,-88.243204,28.27,205.6,269.0,10.0,1.425,2416.2,103.5,24.71
1331752910000,1331752910000,40.134873,-88.243536,28.34,205.7,269.0,10.0,1.341,2421.7,104.0,24.71
1331752911000,1331752911000,40.134871,-88.243867,28.15,205.7,270.0,10.0,0.829,2300.6,105.0,21.76
1331752912000,1331752912000,40.134865,-88.244198,28.15,205.6,268.0,10.0,0.829,2300.6,105.0,21.76
1331752913000,1331752913000,40.134857,-88.244526,27.83,205.6,269.0,10.0,0.373,2147.1,104.0,18.43
1331752914000,1331752914000,40.134851,-88.244849,27.27,205.5,269.0,10.0,0.340,2087.4,101.5,18.04
1331752915000,1331752915000,40.134847,-88.245167,26.83,205.5,269.0,10.0,0.455,2197.9,99.0,18.24
1331752916000,1331752916000,40.134844,-88.245480,26.40,205.3,270.0,10.0,0.455,2197.9,99.0,18.24
1331752917000,1331752917000,40.134843,-88.245788,26.15,205.1,270.0,10.0,0.894,2285.0,97.0,21.18
1331752918000,1331752918000,40.134845,-88.246094,26.15,205.1,271.0,10.0,1.078,2233.5,96.0,23.53
1331752919000,1331752919000,40.134848,-88.246401,26.15,205.2,271.0,10.0,0.966,2226.9,97.0,22.94
1331752920000,1331752920000,40.134849,-88.246706,26.02,205.1,270.0,10.0,0.991,2217.9,97.0,22.75
1331752921000,1331752921000,40.134849,-88.247010,25.96,205.1,270.0,10.0,0.991,2217.9,97.0,22.75
1331752922000,1331752922000,40.134847,-88.247314,25.90,205.3,270.0,10.0,0.952,2210.9,95.5,22.55
1331752923000,1331752923000,40.134845,-88.247617,25.77,205.3,269.0,10.0,0.905,2203.5,95.0,22.35
1331752924000,1331752924000,40.134842,-88.247919,25.71,205.3,270.0,10.0,0.998,2196.9,94.5,22.55
1331752925000,1331752925000,40.134840,-88.248221,25.71,205.4,270.0,10.0,1.331,2206.2,95.0,24.12
1331752926000,1331752926000,40.134838,-88.248522,25.77,205.4,270.0,10.0,1.331,2206.2,95.0,24.12
1331752927000,1331752927000,40.134839,-88.248825,26.02,205.4,271.0,10.0,1.692,2232.4,96.0,26.27
1331752928000,1331752928000,40.134840,-88.249132,26.27,205.4,271.0,10.0,1.833,2259.6,97.0,27.25
1331752929000,1331752929000,40.134841,-88.249443,26.58,205.4,270.0,10.0,1.900,2288.9,98.5,27.65
1331752930000,1331752930000,40.134841,-88.249757,26.83,205.5,270.0,10.0,1.946,2324.5,100.0,27.84
1331752931000,1331752931000,40.134840,-88.250074,27.21,205.6,270.0,10.0,1.946,2324.5,100.0,27.84
1331752932000,1331752932000,40.134839,-88.250395,27.52,205.7,270.0,10.0,1.926,2356.6,101.0,27.65
1331752933000,1331752933000,40.134836,-88.250719,27.71,205.8,269.0,10.0,1.910,2382.4,102.0,27.45
1331752934000,1331752934000,40.134831,-88.251046,27.96,205.8,269.0,10.0,1.885,2405.7,104.0,27.45
1331752935000,1331752935000,40.134827,-88.251375,28.15,205.9,269.0,10.0,1.885,2405.7,104.0,27.45
1331752936000,1331752936000,40.134826,-88.251706,28.27,205.9,270.0,10.0,1.656,2417.1,105.0,26.27
1331752937000,1331752937000,40.134825,-88.252039,28.34,206.0,270.0,10.0,1.304,2416.4,104.5,24.71
1331752938000,1331752938000,40.134825,-88.252372,28.21,206.2,270.0,10.0,0.783,2281.1,103.5,21.57
1331752939000,1331752939000,40.134827,-88.252701,27.83,206.3,271.0,10.0,0.576,2271.4,102.0,19.80
1331752940000,1331752940000,40.134833,-88.253024,27.27,206.5,272.0,10.0,0.576,2271.4,102.0,19.80
1331752941000,1331752941000,40.134843,-88.253341,26.90,206.5,274.0,10.0,0.811,2339.0,100.5,21.37
1331752942000,1331752942000,40.134861,-88.253655,26.71,206.7,275.0,10.0,0.699,2269.9,99.0,20.98
1331752943000,1331752943000,40.134885,-88.253965,26.40,206.7,276.0,10.0,0.614,2240.6,97.0,20.59
1331752944000,1331752944000,40.134914,-88.254271,26.08,206.8,278.0,10.0,0.607,2206.2,96.0,20.39
1331752945000,1331752945000,40.134949,-88.254572,25.77,206.9,279.0,10.0,0.607,2206.2,96.0,20.39
1331752946000,1331752946000,40.134990,-88.254869,25.46,207.0,281.0,10.0,0.488,2169.1,95.0,19.41
1331752947000,1331752947000,40.135040,-88.255158,25.15,207.1,283.0,10.0,0.402,2007.0,93.5,18.82
1331752948000,1331752948000,40.135101,-88.255440,24.83,207.2,287.0,10.0,0.289,1821.7,91.5,18.04
1331752949000,1331752949000,40.135175,-88.255712,24.21,207.4,290.0,10.0,0.289,1821.7,91.5,18.04
1331752950000,1331752950000,40.135260,-88.255964,22.89,207.7,293.0,10.0,0.239,1690.1,88.0,17.45
1331752951000,1331752951000,40.135353,-88.256192,21.27,208.2,295.0,10.0,0.235,1496.0,82.0,17.25
1331752952000,1331752952000,40.135444,-88.256401,19.77,208.8,296.0,10.0,0.236,1306.5,74.0,17.25
1331752953000,1331752953000,40.135525,-88.256599,18.70,209.4,297.0,10.0,0.237,1212.7,68.5,17.25
1331752954000,1331752954000,40.135600,-88.256787,17.58,210.0,296.0,10.0,0.237,1212.7,68.5,17.25
1331752955000,1331752955000,40.135667,-88.256962,16.20,210.6,294.0,10.0,0.236,1218.6,64.0,17.25
1331752956000,1331752956000,40.135724,-88.257123,14.51,211.0,293.0,10.0,0.236,1164.0,56.5,17.45
1331752957000,1331752957000,40.135771,-88.257267,12.82,211.3,292.0,10.0,0.245,1051.5,49.5,17.65
1331752958000,1331752958000,40.135813,-88.257393,11.13,211.7,292.0,10.0,0.248,956.1,42.0,17.65
1331752959000,1331752959000,40.135847,-88.257501,9.38,211.9,292.0,10.0,0.248,956.1,42.0,17.65
1331752960000,1331752960000,40.135878,-88.257592,8.19,212.1,293.0,10.0,0.244,879.9,33.5,17.65
1331752961000,1331752961000,40.135902,-88.257669,6.51,212.2,293.0,10.0,0.242,864.2,27.0,17.65
1331752962000,1331752962000,40.135921,-88.257728,5.19,212.4,294.0,10.0,0.240,938.9,20.5,17.65
1331752963000,1331752963000,40.135936,-88.257775,4.13,212.5,294.0,10.0,0.236,883.5,13.5,17.45
1331752964000,1331752964000,40.135944,-88.257806,2.25,212.6,294.0,10.0,0.236,883.5,13.5,17.45
1331752965000,1331752965000,40.135948,-88.257818,0.75,212.7,296.0,10.0,0.234,768.2,7.5,17.25
1331752966000,1331752966000,40.135951,-88.257824,1.19,212.8,298.0,10.0,0.484,1123.2,5.5,19.22
1331752967000,1331752967000,40.135961,-88.257838,2.63,212.7,303.0,10.0,0.924,1681.9,10.0,22.35
1331752968000,1331752968000,40.135988,-88.257855,3.94,212.8,327.0,10.0,1.288,2016.2,16.5,24.12
1331752969000,1331752969000,40.136029,-88.257873,5.32,212.8,340.0,10.0,1.288,2016.2,16.5,24.12
1331752970000,1331752970000,40.136087,-88.257883,6.69,212.7,350.0,10.0,1.615,2160.4,22.5,25.88
1331752971000,1331752971000,40.136158,-88.257888,8.26,212.5,355.0,10.0,1.750,2232.2,30.0,26.86
1331752972000,1331752972000,40.136244,-88.257888,9.82,212.5,358.0,10.0,1.581,2125.6,36.5,26.08
1331752973000,1331752973000,40.136342,-88.257886,10.95,212.4,359.0,10.0,1.581,2125.6,36.5,26.08
1331752974000,1331752974000,40.136449,-88.257884,11.88,212.5,359.0,10.0,1.180,1855.7,42.0,24.31
1331752975000,1331752975000,40.136560,-88.257885,12.45,212.3,359.0,10.0,0.597,1321.0,46.0,20.39
1331752976000,1331752976000,40.136677,-88.257882,12.76,212.3,359.0,10.0,0.260,1009.2,47.5,17.65
1331752977000,1331752977000,40.136796,-88.257880,12.95,212.1,359.0,10.0,0.254,1122.1,48.0,17.65
1331752978000,1331752978000,40.136915,-88.257879,13.01,212.1,359.0,10.0,0.254,1122.1,48.0,17.65
1331752979000,1331752979000,40.137034,-88.257879,12.82,212.0,358.0,10.0,0.251,1113.1,48.0,17.65
1331752980000,1331752980000,40.137149,-88.257881,12.32,211.8,358.0,10.0,0.251,1062.7,46.0,17.65
1331752981000,1331752981000,40.137256,-88.257884,11.32,211.6,358.0,10.0,0.247,986.6,42.0,17.65
1331752982000,1331752982000,40.137353,-88.257888,10.20,211.5,357.0,10.0,0.241,911.6,36.5,17.65
1331752983000,1331752983000,40.137439,-88.257891,8.88,211.6,357.0,10.0,0.241,911.6,36.5,17.65
1331752984000,1331752984000,40.137512,-88.257893,7.69,211.7,358.0,10.0,0.239,851.5,30.5,17.65
1331752985000,1331752985000,40.137573,-88.257894,6.25,211.7,359.0,10.0,0.237,823.0,24.0,17.65
1331752986000,1331752986000,40.137618,-88.257894,4.50,211.6,0.0,10.0,0.229,844.4,16.5,17.65
1331752987000,1331752987000,40.137646,-88.257892,2.63,211.5,0.0,10.0,0.229,844.4,16.5,17.65
1331752988000,1331752988000,40.137659,-88.257891,1.31,211.4,0.0,10.0,0.224,818.2,9.5,17.45
1331752989000,1331752989000,40.137667,-88.257890,1.25,211.4,0.0,10.0,0.219,766.4,5.0,17.25
1331752990000,1331752990000,40.137677,-88.257889,1.50,211.5,0.0,10.0,0.212,765.1,5.0,17.25
1331752991000,1331752991000,40.137689,-88.257888,1.63,211.7,0.0,10.0,0.214,750.6,6.0,17.25
1331752992000,1331752992000,40.137700,-88.257887,1.19,211.8,0.0,10.0,0.214,750.6,6.0,17.25
1331752993000,1331752993000,40.137706,-88.257887,0.50,211.7,1.0,10.0,0.217,741.2,4.5,17.25
1331752994000,1331752994000,40.137705,-88.257887,0.00,211.8,1.0,10.0,0.213,732.6,3.0,17.25
1331752995000,1331752995000,40.137705,-88.257887,0.00,211.8,1.0,10.0,0.222,735.7,1.5,17.25
1331752996000,1331752996000,40.137705,-88.257887,0.00,211.8,1.0,10.0,0.223,749.5,0.0,17.25
1331752997000,1331752997000,40.137705,-88.257887,0.00,211.8,1.0,10.0,0.223,749.5,0.0,17.25
1331752998000,1331752998000,40.137705,-88.257887,0.00,211.8,1.0,10.0,0.214,743.2,0.0,17.25
1331752999000,1331752999000,40.137705,-88.257887,0.00,211.8,1.0,10.0,0.212,741.6,0.0,17.25
1331753000000,1331753000000,40.137705,-88.257887,0.00,211.8,1.0,10.0,0.205,731.1,0.0,17.25
1331753001000,1331753001000,40.137705,-88.257887,0.00,211.8,1.0,10.0,0.198,706.1,0.0,17.25
1331753002000,1331753002000,40.137705,-88.257887,0.00,211.8,1.0,10.0,0.198,706.1,0.0,17.25
1331753003000,1331753003000,40.137705,-88.257887,0.00,211.8,1.0,10.0,0.195,699.1,0.0,17.25
1331753004000,1331753004000,40.137705,-88.257887,0.00,211.8,1.0,10.0,0.195,701.5,0.0,17.25
1331753005000,1331753005000,40.137705,-88.257887,0.00,211.8,1.0,10.0,0.195,702.6,0.0,17.25
1331753006000,1331753006000,40.137705,-88.257887,0.00,211.8,1.0,10.0,0.195,702.6,0.0,17.25
1331753007000,1331753007000,40.137705,-88.257887,0.00,211.8,1.0,10.0,0.579,1019.4,0.0,17.84
1331753008000,1331753008000,40.137719,-88.257888,1.63,211.1,0.0,10.0,1.188,1642.0,4.0,21.76
1331753009000,1331753009000,40.137744,-88.257888,3.69,211.0,358.0,10.0,1.502,2123.7,13.5,25.49
1331753010000,1331753010000,40.137790,-88.257888,5.69,211.0,359.0,10.0,1.567,2199.5,22.0,25.88
1331753011000,1331753011000,40.137851,-88.257889,7.13,210.9,359.0,10.0,1.451,2101.4,29.0,26.27
1331753012000,1331753012000,40.137925,-88.257889,8.51,211.1,359.0,10.0,1.451,2101.4,29.0,26.27
1331753013000,1331753013000,40.138009,-88.257893,9.51,211.2,358.0,10.0,1.333,2001.9,34.0,25.69
1331753014000,1331753014000,40.138100,-88.257898,10.26,211.1,358.0,10.0,1.338,1930.0,37.0,24.90
1331753015000,1331753015000,40.138196,-88.257903,10.88,210.3,358.0,10.0,1.400,1989.4,40.0,25.10
1331753016000,1331753016000,40.138298,-88.257909,11.57,209.7,358.0,10.0,1.118,1888.6,43.0,25.10
1331753017000,1331753017000,40.138407,-88.257915,12.20,209.1,358.0,10.0,1.118,1888.6,43.0,25.10
1331753018000,1331753018000,40.138520,-88.257921,12.57,208.8,358.0,10.0,0.882,1704.6,45.5,23.73
1331753019000,1331753019000,40.138636,-88.257925,12.82,208.5,359.0,10.0,0.959,1678.9,47.0,22.55
1331753020000,1331753020000,40.138755,-88.257928,13.14,208.5,0.0,10.0,0.998,1736.2,48.5,22.94
1331753021000,1331753021000,40.138876,-88.257927,13.57,208.3,1.0,10.0,1.047,1774.5,50.5,23.14
1331753022000,1331753022000,40.139001,-88.257924,13.95,208.0,1.0,10.0,1.047,1774.5,50.5,23.14
1331753023000,1331753023000,40.139128,-88.257919,14.32,207.6,2.0,10.0,1.061,1792.5,52.0,23.14
1331753024000,1331753024000,40.139258,-88.257913,14.70,206.7,3.0,10.0,1.074,1810.1,53.5,23.14
1331753025000,1331753025000,40.139393,-88.257903,15.07,206.5,3.0,10.0,1.088,1830.4,56.0,23.14
1331753026000,1331753026000,40.139531,-88.257891,15.39,206.3,4.0,10.0,1.088,1851.4,57.5,23.33
1331753027000,1331753027000,40.139673,-88.257879,15.76,206.4,4.0,10.0,1.088,1851.4,57.5,23.33
1331753028000,1331753028000,40.139818,-88.257867,16.14,206.6,3.0,10.0,1.107,1875.2,59.0,23.53
1331753029000,1331753029000,40.139965,-88.257857,16.51,206.5,3.0,10.0,1.146,1908.5,61.0,23.73
1331753030000,1331753030000,40.140115,-88.257849,16.83,205.9,2.0,10.0,0.979,1842.1,62.0,23.53
1331753031000,1331753031000,40.140270,-88.257843,17.20,205.9,2.0,10.0,0.598,1666.7,63.0,20.98
1331753032000,1331753032000,40.140428,-88.257839,17.39,206.1,1.0,10.0,0.598,1666.7,63.0,20.98
1331753033000,1331753033000,40.140587,-88.257839,17.39,206.4,0.0,10.0,0.327,1390.9,64.0,18.24
1331753034000,1331753034000,40.140745,-88.257842,17.33,206.8,0.0,10.0,0.245,1302.6,64.5,17.45
1331753035000,1331753035000,40.140902,-88.257844,17.20,207.3,359.0,10.0,0.243,1390.1,64.0,17.45
1331753036000,1331753036000,40.141058,-88.257847,17.01,207.5,0.0,10.0,0.294,1401.0,62.5,17.65
1331753037000,1331753037000,40.141212,-88.257848,16.76,207.9,0.0,10.0,0.294,1401.0,62.5,17.65
1331753038000,1331753038000,40.141364,-88.257849,16.70,208.3,0.0,10.0,0.350,1444.0,61.5,18.04
1331753039000,1331753039000,40.141516,-88.257849,16.58,208.7,0.0,10.0,0.297,1344.0,60.5,17.84
1331753040000,1331753040000,40.141665,-88.257850,16.26,209.1,0.0,10.0,0.232,1224.1,59.5,17.25
1331753041000,1331753041000,40.141809,-88.257852,15.64,209.3,359.0,10.0,0.232,1224.1,59.5,17.25
1331753042000,1331753042000,40.141946,-88.257854,14.51,209.6,359.0,10.0,0.237,1187.7,56.0,17.45
1331753043000,1331753043000,40.142071,-88.257856,13.20,210.1,359.0,10.0,0.244,1098.6,50.5,17.65
1331753044000,1331753044000,40.142182,-88.257858,11.63,210.4,359.0,10.0,0.249,990.5,44.0,17.65
1331753045000,1331753045000,40.142276,-88.257859,9.88,210.3,0.0,10.0,0.245,892.1,37.0,17.65
1331753046000,1331753046000,40.142352,-88.257860,7.94,210.3,0.0,10.0,0.237,850.7,27.5,17.65
1331753047000,1331753047000,40.142409,-88.257861,6.07,210.3,0.0,10.0,0.237,850.7,27.5,17.65
1331753048000,1331753048000,40.142449,-88.257861,4.00,210.5,1.0,10.0,0.232,863.6,17.0,17.65
1331753049000,1331753049000,40.142469,-88.257861,1.94,210.8,1.0,10.0,0.228,817.1,8.5,17.45
1331753050000,1331753050000,40.142472,-88.257861,0.19,211.0,6.0,10.0,0.218,751.5,3.5,17.25
1331753051000,1331753051000,40.142467,-88.257861,0.00,211.0,19.0,10.0,0.218,751.5,3.5,17.25
1331753052000,1331753052000,40.142467,-88.257861,0.00,210.9,19.0,10.0,0.210,741.7,3.0,17.25
1331753053000,1331753053000,40.142467,-88.257861,0.00,210.9,19.0,10.0,0.212,741.7,1.5,17.25
1331753054000,1331753054000,40.142467,-88.257861,0.00,210.9,19.0,10.0,0.213,744.4,0.0,17.25
1331753055000,1331753055000,40.142467,-88.257861,0.00,210.9,19.0,10.0,0.211,738.9,0.0,17.25
1331753056000,1331753056000,40.142467,-88.257861,0.00,210.9,19.0,10.0,0.211,738.9,0.0,17.25
1331753057000,1331753057000,40.142467,-88.257861,0.00,210.9,19.0,10.0,0.204,722.5,0.0,17.25
1331753058000,1331753058000,40.142467,-88.257861,0.00,210.9,19.0,10.0,0.198,707.2,0.0,17.25
1331753059000,1331753059000,40.142467,-88.257861,0.00,210.9,19.0,10.0,0.197,705.4,0.0,17.25
1331753060000,1331753060000,40.142467,-88.257861,0.00,210.9,19.0,10.0,0.196,703.9,0.0,17.25
1331753061000,1331753061000,40.142467,-88.257861,0.00,210.9,19.0,10.0,0.196,703.9,0.0,17.25
1331753062000,1331753062000,40.142467,-88.257861,0.00,210.9,19.0,10.0,0.183,741.7,0.0,17.06
1331753063000,1331753063000,40.142467,-88.257861,0.00,210.9,19.0,10.0,0.169,808.1,0.0,16.86
1331753064000,1331753064000,40.142467,-88.257861,0.00,210.9,19.0,10.0,0.166,813.1,0.0,16.86
1331753065000,1331753065000,40.142467,-88.257861,0.00,210.9,19.0,10.0,0.162,769.4,0.0,16.86
1331753066000,1331753066000,40.142467,-88.257861,0.00,210.9,19.0,10.0,0.162,769.4,0.0,16.86
1331753067000,1331753067000,40.142467,-88.257861,0.00,210.9,19.0,10.0,0.160,740.9,0.0,16.86
1331753068000,1331753068000,40.142467,-88.257861,0.00,210.9,19.0,10.0,0.158,733.9,0.0,16.86
1331753069000,1331753069000,40.142467,-88.257861,0.00,210.9,19.0,10.0,0.200,732.7,0.0,17.25
1331753070000,1331753070000,40.142467,-88.257861,0.00,210.9,19.0,10.0,0.236,793.2,0.0,17.45
1331753071000,1331753071000,40.142467,-88.257861,0.00,210.9,19.0,10.0,0.236,793.2,0.0,17.45
1331753072000,1331753072000,40.142467,-88.257861,0.00,210.9,19.0,10.0,0.577,1212.7,3.0,19.61
1331753073000,1331753073000,40.142485,-88.257857,2.63,210.4,12.0,10.0,1.041,1754.1,9.0,22.94
1331753074000,1331753074000,40.142515,-88.257858,4.13,210.7,359.0,10.0,1.149,1851.0,15.5,23.92
1331753075000,1331753075000,40.142560,-88.257857,5.50,210.9,0.0,10.0,1.236,1861.6,22.5,24.31
1331753076000,1331753076000,40.142616,-88.257856,6.57,210.9,359.0,10.0,1.236,1861.6,22.5,24.31
1331753077000,1331753077000,40.142686,-88.257855,7.76,211.2,0.0,10.0,1.340,2006.5,27.0,24.71
1331753078000,1331753078000,40.142763,-88.257855,8.63,211.4,359.0,10.0,1.382,1992.0,31.5,24.90
1331753079000,1331753079000,40.142847,-88.257856,9.45,211.3,359.0,10.0,1.404,1935.7,36.0,25.10
1331753080000,1331753080000,40.142941,-88.257856,10.26,212.1,359.0,10.0,1.318,1926.7,39.0,24.71
1331753081000,1331753081000,40.143039,-88.257858,10.95,212.2,359.0,10.0,1.318,1926.7,39.0,24.71
1331753082000,1331753082000,40.143142,-88.257860,11.51,212.2,359.0,10.0,1.204,1905.4,42.0,23.92
1331753083000,1331753083000,40.143251,-88.257861,12.07,212.1,359.0,10.0,1.054,1858.1,44.0,22.94
1331753084000,1331753084000,40.143363,-88.257863,12.45,211.7,0.0,10.0,0.957,1758.9,45.5,22.35
1331753085000,1331753085000,40.143477,-88.257864,12.89,211.0,0.0,10.0,0.981,1710.5,47.5,22.55
1331753086000,1331753086000,40.143596,-88.257865,13.20,210.7,0.0,10.0,0.981,1710.5,47.5,22.55
1331753087000,1331753087000,40.143717,-88.257866,13.51,210.2,0.0,10.0,0.852,1640.5,49.5,21.96
1331753088000,1331753088000,40.143842,-88.257867,13.76,210.4,359.0,10.0,0.722,1572.5,50.0,21.18
1331753089000,1331753089000,40.143967,-88.257870,13.89,209.9,359.0,10.0,0.545,1447.1,50.5,20.39
1331753090000,1331753090000,40.144091,-88.257874,13.89,209.4,359.0,10.0,0.301,1240.1,51.0,18.63
1331753091000,1331753091000,40.144216,-88.257877,13.82,209.2,359.0,10.0,0.301,1240.1,51.0,18.63
1331753092000,1331753092000,40.144341,-88.257880,13.64,209.4,359.0,10.0,0.289,1202.2,50.5,18.04
1331753093000,1331753093000,40.144463,-88.257882,13.45,209.4,0.0,10.0,0.332,1231.5,49.5,18.43
1331753094000,1331753094000,40.144583,-88.257885,13.39,209.4,0.0,10.0,0.332,1231.5,49.5,18.43
1331753095000,1331753095000,40.144701,-88.257887,13.26,208.9,0.0,10.0,0.357,1245.6,48.5,18.43
1331753096000,1331753096000,40.144820,-88.257889,13.26,208.5,0.0,10.0,0.378,1266.0,48.0,18.43
1331753097000,1331753097000,40.144938,-88.257890,13.20,207.4,359.0,10.0,0.369,1265.6,48.0,18.43
1331753098000,1331753098000,40.145058,-88.257892,13.20,206.6,359.0,10.0,0.295,1183.9,48.5,17.84
1331753099000,1331753099000,40.145177,-88.257894,13.14,206.3,359.0,10.0,0.295,1183.9,48.5,17.84
1331753100000,1331753100000,40.145295,-88.257898,13.01,206.1,358.0,10.0,0.224,1110.0,48.5,17.45
1331753101000,1331753101000,40.145412,-88.257906,12.89,206.1,357.0,10.0,0.245,1121.7,48.0,17.65
1331753102000,1331753102000,40.145526,-88.257918,12.76,205.4,355.0,10.0,0.303,1170.1,47.5,18.04
1331753103000,1331753103000,40.145638,-88.257932,12.64,204.9,355.0,10.0,0.367,1234.6,46.5,18.63
1331753104000,1331753104000,40.145752,-88.257944,12.57,204.8,356.0,10.0,0.367,1234.6,46.5,18.63
1331753105000,1331753105000,40.145866,-88.257954,12.57,205.1,357.0,10.0,0.399,1262.7,46.0,18.82
1331753106000,1331753106000,40.145979,-88.257961,12.57,205.2,358.0,10.0,0.311,1185.0,46.0,18.04
1331753107000,1331753107000,40.146092,-88.257966,12.45,205.3,359.0,10.0,0.221,1067.1,45.5,17.45
1331753108000,1331753108000,40.146201,-88.257969,11.88,204.9,359.0,10.0,0.221,1067.1,45.5,17.45
1331753109000,1331753109000,40.146303,-88.257969,10.82,204.9,0.0,10.0,0.229,978.5,42.0,17.65
1331753110000,1331753110000,40.146391,-88.257974,9.26,205.3,358.0,10.0,0.231,888.2,36.5,17.65
1331753111000,1331753111000,40.146467,-88.257989,8.51,205.5,348.0,10.0,0.243,876.5,31.5,17.65
1331753112000,1331753112000,40.146528,-88.258031,8.13,205.4,331.0,10.0,0.267,923.0,29.0,18.24
1331753113000,1331753113000,40.146569,-88.258105,7.94,205.5,311.0,10.0,0.269,924.5,28.5,18.24
1331753114000,1331753114000,40.146593,-88.258197,7.82,205.9,291.0,10.0,0.269,924.5,28.5,18.24
1331753115000,1331753115000,40.146601,-88.258292,7.69,206.4,276.0,10.0,0.529,1217.0,29.0,20.00
1331753116000,1331753116000,40.146594,-88.258389,7.69,206.6,268.0,10.0,0.950,1597.5,31.0,22.94
1331753117000,1331753117000,40.146590,-88.258483,8.01,206.6,268.0,10.0,1.095,1671.0,31.0,23.53
1331753118000,1331753118000,40.146581,-88.258586,8.57,206.7,267.0,10.0,0.985,1620.6,31.0,22.55
1331753119000,1331753119000,40.146572,-88.258693,8.69,206.6,269.0,10.0,0.985,1620.6,31.0,22.55
1331753120000,1331753120000,40.146573,-88.258798,9.01,206.7,271.0,10.0,0.933,1596.4,33.0,22.16
1331753121000,1331753121000,40.146575,-88.258907,9.63,206.8,268.0,10.0,1.011,1644.7,35.0,22.94
1331753122000,1331753122000,40.146575,-88.259023,10.13,207.0,268.0,10.0,0.999,1647.9,37.0,23.14
1331753123000,1331753123000,40.146570,-88.259148,10.57,207.1,268.0,10.0,0.598,1359.6,39.0,20.98
1331753124000,1331753124000,40.146566,-88.259274,10.82,207.2,268.0,10.0,0.598,1359.6,39.0,20.98
1331753125000,1331753125000,40.146565,-88.259401,10.76,207.3,269.0,10.0,0.237,1038.5,40.5,18.24
1331753126000,1331753126000,40.146564,-88.259527,10.63,207.4,270.0,10.0,0.238,983.0,40.0,17.65
