1331757750000,1331757750000,40.145313,-88.258653,5.75,213.8,164.0,10.0,0.720,1525.0,26.0,NaN
1331757751000,1331757751000,40.145244,-88.258660,6.32,214.2,171.0,10.0,0.563,1525.0,26.0,4.31
1331757752000,1331757752000,40.145165,-88.258685,6.94,213.9,178.0,10.0,0.413,1362.5,26.0,3.73
1331757753000,1331757753000,40.145096,-88.258697,7.01,214.6,180.0,10.0,0.413,1362.5,26.0,3.73
1331757754000,1331757754000,40.145028,-88.258707,6.88,214.6,180.0,10.0,0.292,1031.2,26.0,3.14
1331757755000,1331757755000,40.144963,-88.258715,6.69,214.7,179.0,10.0,0.265,862.5,24.0,3.14
1331757756000,1331757756000,40.144900,-88.258719,6.57,214.8,178.0,10.0,0.265,862.5,24.0,3.14
1331757757000,1331757757000,40.144841,-88.258720,6.38,214.8,178.0,10.0,0.265,862.5,24.0,3.14
1331757758000,1331757758000,40.144784,-88.258720,6.19,215.0,179.0,10.0,0.281,912.5,21.0,3.14
1331757759000,1331757759000,40.144729,-88.258720,5.82,215.0,178.0,10.0,0.284,900.0,20.0,3.14
1331757760000,1331757760000,40.144681,-88.258719,4.94,215.0,177.0,10.0,0.284,900.0,20.0,3.14
1331757761000,1331757761000,40.144639,-88.258714,4.25,215.3,173.0,10.0,0.279,875.0,20.0,3.14
1331757762000,1331757762000,40.144604,-88.258707,3.88,215.1,171.0,10.0,0.509,1175.0,16.0,5.10
1331757763000,1331757763000,40.144575,-88.258700,3.44,214.9,168.0,10.0,0.509,1175.0,16.0,5.10
1331757764000,1331757764000,40.144547,-88.258687,3.44,214.5,161.0,10.0,0.677,1300.0,12.0,6.86
1331757765000,1331757765000,40.144519,-88.258659,3.82,214.3,144.0,10.0,0.431,1162.5,12.0,4.90
1331757766000,1331757766000,40.144495,-88.258618,4.25,214.1,132.0,10.0,0.431,1162.5,12.0,4.90
1331757767000,1331757767000,40.144473,-88.258574,4.50,213.9,124.0,10.0,0.431,1162.5,12.0,4.90
1331757768000,1331757768000,40.144458,-88.258529,4.38,213.8,115.0,10.0,0.244,993.7,13.0,3.14
1331757769000,1331757769000,40.144446,-88.258481,4.32,213.6,109.0,10.0,0.264,893.7,15.0,3.14
1331757770000,1331757770000,40.144435,-88.258430,4.44,213.5,104.0,10.0,0.264,893.7,15.0,3.14
1331757771000,1331757771000,40.144427,-88.258378,4.57,213.3,99.0,10.0,0.264,893.7,15.0,3.14
1331757772000,1331757772000,40.144423,-88.258324,4.69,213.2,96.0,10.0,0.288,968.7,16.0,3.14
1331757773000,1331757773000,40.144419,-88.258269,4.88,213.0,95.0,10.0,0.514,1212.5,19.0,3.14
1331757774000,1331757774000,40.144413,-88.258215,4.82,212.6,97.0,10.0,0.514,1212.5,19.0,3.14
1331757775000,1331757775000,40.144404,-88.258162,4.75,212.3,102.0,10.0,0.514,1212.5,19.0,3.14
1331757776000,1331757776000,40.144389,-88.258109,4.88,212.3,110.0,10.0,0.514,1212.5,19.0,3.14
1331757777000,1331757777000,40.144366,-88.258057,5.19,212.6,118.0,10.0,0.514,1212.5,19.0,3.14
1331757778000,1331757778000,40.144339,-88.258008,5.38,212.6,123.0,10.0,0.514,1212.5,19.0,3.14
1331757779000,1331757779000,40.144304,-88.257969,5.19,212.7,133.0,10.0,0.514,1212.5,19.0,3.14
1331757780000,1331757780000,40.144262,-88.257946,5.00,212.4,143.0,10.0,0.745,1450.0,23.0,3.14
1331757781000,1331757781000,40.144208,-88.257935,5.25,212.1,156.0,10.0,0.760,1525.0,25.0,3.14
1331757782000,1331757782000,40.144143,-88.257935,5.94,211.8,166.0,10.0,0.733,1600.0,28.0,3.14
1331757783000,1331757783000,40.144068,-88.257945,6.82,211.4,174.0,10.0,0.733,1600.0,28.0,3.14
1331757784000,1331757784000,40.143987,-88.257957,7.88,211.4,179.0,10.0,0.733,1600.0,28.0,3.14
1331757785000,1331757785000,40.143910,-88.257960,8.19,211.4,179.0,10.0,0.733,1600.0,28.0,3.14
1331757786000,1331757786000,40.143832,-88.257960,8.44,211.3,178.0,10.0,0.595,1400.0,30.0,4.51
1331757787000,1331757787000,40.143752,-88.257961,8.51,211.2,178.0,10.0,0.377,1200.0,30.0,5.88
1331757788000,1331757788000,40.143669,-88.257966,8.38,210.6,180.0,10.0,0.243,987.5,29.0,4.51
1331757789000,1331757789000,40.143589,-88.257972,8.19,210.0,181.0,10.0,0.243,987.5,29.0,4.51
1331757790000,1331757790000,40.143511,-88.257977,8.01,209.7,180.0,10.0,0.248,850.0,27.0,3.14
1331757791000,1331757791000,40.143437,-88.257981,7.57,209.4,180.0,10.0,0.273,925.0,26.0,3.14
1331757792000,1331757792000,40.143369,-88.257983,6.82,209.1,179.0,10.0,0.274,925.0,18.0,3.14
1331757793000,1331757793000,40.143310,-88.257985,5.88,208.9,179.0,10.0,0.274,925.0,18.0,3.14
1331757794000,1331757794000,40.143260,-88.257985,4.94,208.8,179.0,10.0,0.274,925.0,18.0,3.14
1331757795000,1331757795000,40.143218,-88.257986,3.94,208.7,179.0,10.0,0.274,925.0,18.0,3.14
1331757796000,1331757796000,40.143186,-88.257986,2.88,208.6,178.0,10.0,0.271,900.0,9.0,3.14
1331757797000,1331757797000,40.143161,-88.257987,2.56,208.6,178.0,10.0,0.271,900.0,9.0,3.14
1331757798000,1331757798000,40.143136,-88.257987,2.44,208.5,178.0,10.0,0.460,1068.7,8.0,4.31
1331757799000,1331757799000,40.143113,-88.257987,2.38,208.5,178.0,10.0,0.460,1068.7,8.0,4.31
1331757800000,1331757800000,40.143090,-88.257987,2.63,208.4,178.0,10.0,0.759,1431.2,11.0,6.27
1331757801000,1331757801000,40.143061,-88.257986,3.63,208.4,178.0,10.0,0.759,1431.2,11.0,6.27
1331757802000,1331757802000,40.143023,-88.257985,4.50,208.3,178.0,10.0,0.863,1600.0,18.0,7.06
1331757803000,1331757803000,40.142978,-88.257983,5.25,208.2,178.0,10.0,0.863,1600.0,18.0,7.06
1331757804000,1331757804000,40.142927,-88.257981,6.00,208.2,178.0,10.0,0.590,1600.0,22.0,5.10
1331757805000,1331757805000,40.142870,-88.257979,6.38,208.1,179.0,10.0,0.567,1550.0,23.0,4.31
1331757806000,1331757806000,40.142812,-88.257977,6.44,208.0,179.0,10.0,0.567,1550.0,23.0,4.31
1331757807000,1331757807000,40.142752,-88.257976,6.82,207.9,179.0,10.0,0.710,1500.0,24.0,5.49
1331757808000,1331757808000,40.142687,-88.257974,7.38,207.8,180.0,10.0,0.710,1500.0,24.0,5.49
1331757809000,1331757809000,40.142618,-88.257974,7.82,207.7,179.0,10.0,0.710,1500.0,24.0,5.49
1331757810000,1331757810000,40.142545,-88.257973,8.13,207.5,180.0,10.0,0.481,1343.7,28.0,5.49
1331757811000,1331757811000,40.142469,-88.257973,8.51,207.3,179.0,10.0,0.481,1343.7,28.0,5.49
1331757812000,1331757812000,40.142389,-88.257972,8.94,207.2,179.0,10.0,0.481,1343.7,28.0,5.49
1331757813000,1331757813000,40.142307,-88.257971,9.07,207.0,179.0,10.0,0.481,1343.7,28.0,5.49
1331757814000,1331757814000,40.142225,-88.257970,9.01,206.8,179.0,10.0,0.439,1243.7,32.0,5.29
1331757815000,1331757815000,40.142143,-88.257968,9.01,206.6,179.0,10.0,0.439,1243.7,32.0,5.29
1331757816000,1331757816000,40.142061,-88.257967,9.07,206.6,179.0,10.0,0.693,1300.0,32.0,5.88
1331757817000,1331757817000,40.141977,-88.257966,9.32,206.6,179.0,10.0,0.860,1406.2,32.0,6.86
1331757818000,1331757818000,40.141891,-88.257965,9.63,206.5,179.0,10.0,0.882,1525.0,34.0,7.06
1331757819000,1331757819000,40.141803,-88.257963,9.88,206.5,179.0,10.0,0.976,1581.2,37.0,7.65
1331757820000,1331757820000,40.141712,-88.257961,10.13,206.6,179.0,10.0,0.976,1581.2,37.0,7.65
1331757821000,1331757821000,40.141617,-88.257961,10.51,206.5,180.0,10.0,0.967,1581.2,38.0,7.84
1331757822000,1331757822000,40.141521,-88.257961,10.76,206.5,180.0,10.0,0.846,1537.5,39.0,7.06
1331757823000,1331757823000,40.141422,-88.257961,11.01,206.5,180.0,10.0,0.846,1537.5,39.0,7.06
1331757824000,1331757824000,40.141321,-88.257962,11.20,206.4,180.0,10.0,0.889,1512.5,40.0,7.45
1331757825000,1331757825000,40.141218,-88.257961,11.45,206.3,180.0,10.0,0.675,1206.2,40.0,7.25
1331757826000,1331757826000,40.141114,-88.257960,11.51,206.3,179.0,10.0,0.331,962.5,40.0,6.27
1331757827000,1331757827000,40.141011,-88.257959,11.20,206.2,179.0,10.0,0.256,981.2,39.0,4.71
1331757828000,1331757828000,40.140910,-88.257957,10.88,206.3,179.0,10.0,0.256,981.2,39.0,4.71
1331757829000,1331757829000,40.140812,-88.257957,10.70,206.3,180.0,10.0,1.006,1412.5,41.0,8.43
1331757830000,1331757830000,40.140714,-88.257958,10.95,206.3,180.0,10.0,1.006,1412.5,41.0,8.43
1331757831000,1331757831000,40.140613,-88.257958,11.32,206.3,180.0,10.0,1.006,1412.5,41.0,8.43
1331757832000,1331757832000,40.140508,-88.257957,11.88,206.4,179.0,10.0,1.567,1793.7,44.0,12.16
1331757833000,1331757833000,40.140398,-88.257956,12.38,206.4,179.0,10.0,1.567,1793.7,44.0,12.16
1331757834000,1331757834000,40.140284,-88.257956,12.76,206.5,180.0,10.0,1.567,1793.7,44.0,12.16
1331757835000,1331757835000,40.140166,-88.257958,13.07,206.3,181.0,10.0,1.567,1793.7,44.0,12.16
1331757836000,1331757836000,40.140046,-88.257963,13.45,206.3,182.0,10.0,1.220,1675.0,44.0,9.61
1331757837000,1331757837000,40.139923,-88.257970,13.70,206.5,183.0,10.0,1.072,1625.0,44.0,8.63
1331757838000,1331757838000,40.139798,-88.257978,13.89,206.6,183.0,10.0,1.072,1625.0,44.0,8.63
1331757839000,1331757839000,40.139672,-88.257988,14.07,206.7,183.0,10.0,0.972,1587.5,48.0,7.84
1331757840000,1331757840000,40.139544,-88.257998,14.26,206.9,184.0,10.0,0.972,1587.5,48.0,7.84
1331757841000,1331757841000,40.139415,-88.258009,14.39,207.1,184.0,10.0,0.882,1550.0,52.0,7.06
1331757842000,1331757842000,40.139286,-88.258019,14.32,207.2,183.0,10.0,0.583,1550.0,52.0,5.10
1331757843000,1331757843000,40.139159,-88.258027,14.01,207.3,183.0,10.0,0.440,1550.0,51.0,3.14
1331757844000,1331757844000,40.139034,-88.258032,13.82,207.5,181.0,10.0,0.613,1475.0,50.0,4.51
1331757845000,1331757845000,40.138908,-88.258036,13.82,207.4,181.0,10.0,0.613,1475.0,50.0,4.51
1331757846000,1331757846000,40.138784,-88.258037,13.82,207.5,180.0,10.0,0.613,1475.0,50.0,4.51
1331757847000,1331757847000,40.138659,-88.258038,13.76,207.5,180.0,10.0,0.596,1375.0,50.0,5.49
1331757848000,1331757848000,40.138535,-88.258038,13.76,207.6,180.0,10.0,0.563,1350.0,50.0,5.10
1331757849000,1331757849000,40.138411,-88.258038,13.70,207.6,179.0,10.0,0.572,1350.0,50.0,5.29
1331757850000,1331757850000,40.138287,-88.258036,13.70,207.7,179.0,10.0,0.572,1350.0,50.0,5.29
1331757851000,1331757851000,40.138163,-88.258034,13.70,207.7,179.0,10.0,0.570,1350.0,50.0,5.49
1331757852000,1331757852000,40.138040,-88.258033,13.64,207.8,179.0,10.0,0.587,1350.0,49.0,5.29
1331757853000,1331757853000,40.137917,-88.258031,13.64,207.8,179.0,10.0,0.637,1368.7,48.0,5.10
1331757854000,1331757854000,40.137794,-88.258028,13.64,208.0,179.0,10.0,0.684,1400.0,48.0,5.10
1331757855000,1331757855000,40.137671,-88.258026,13.57,208.1,179.0,10.0,0.684,1400.0,48.0,5.10
1331757856000,1331757856000,40.137548,-88.258024,13.64,208.1,179.0,10.0,0.733,1425.0,48.0,5.49
1331757857000,1331757857000,40.137424,-88.258022,13.70,208.2,179.0,10.0,0.925,1537.5,49.0,7.45
1331757858000,1331757858000,40.137301,-88.258020,13.82,208.5,179.0,10.0,1.171,1668.7,50.0,9.02
1331757859000,1331757859000,40.137176,-88.258019,14.01,208.6,180.0,10.0,1.171,1668.7,50.0,9.02
1331757860000,1331757860000,40.137047,-88.258020,14.14,208.5,180.0,10.0,1.260,1706.2,50.0,9.41
1331757861000,1331757861000,40.136918,-88.258022,14.26,208.6,181.0,10.0,1.259,1712.5,51.0,9.80
1331757862000,1331757862000,40.136788,-88.258026,14.39,208.5,182.0,10.0,1.259,1712.5,51.0,9.80
1331757863000,1331757863000,40.136658,-88.258032,14.51,208.7,182.0,10.0,1.068,1712.5,52.0,8.63
1331757864000,1331757864000,40.136528,-88.258038,14.45,209.0,182.0,10.0,1.068,1712.5,52.0,8.63
1331757865000,1331757865000,40.136396,-88.258044,14.39,208.9,182.0,10.0,1.068,1712.5,52.0,8.63
1331757866000,1331757866000,40.136267,-88.258049,13.95,208.7,181.0,10.0,0.566,1712.5,47.0,7.45
1331757867000,1331757867000,40.136146,-88.258052,12.89,208.9,181.0,10.0,0.566,1712.5,47.0,7.45
1331757868000,1331757868000,40.136039,-88.258055,11.20,209.0,181.0,10.0,0.244,1712.5,38.0,7.45
1331757869000,1331757869000,40.135949,-88.258057,8.94,209.1,180.0,10.0,0.253,1268.7,34.0,7.45
1331757870000,1331757870000,40.135878,-88.258059,6.82,208.8,180.0,10.0,0.271,893.7,34.0,5.29
1331757871000,1331757871000,40.135830,-88.258060,4.57,208.8,181.0,10.0,0.271,862.5,34.0,3.14
1331757872000,1331757872000,40.135804,-88.258061,2.25,208.8,181.0,10.0,0.273,737.5,17.0,3.14
1331757873000,1331757873000,40.135797,-88.258061,0.38,208.8,180.0,10.0,0.273,737.5,17.0,3.14
1331757874000,1331757874000,40.135798,-88.258060,0.00,208.8,165.0,10.0,0.273,737.5,17.0,3.14
1331757875000,1331757875000,40.135798,-88.258060,0.00,208.8,165.0,10.0,0.270,706.2,0.0,3.14
1331757876000,1331757876000,40.135798,-88.258060,0.00,208.8,165.0,10.0,0.265,693.7,0.0,3.14
1331757877000,1331757877000,40.135798,-88.258060,0.00,208.8,165.0,10.0,0.257,687.5,0.0,3.14
1331757878000,1331757878000,40.135798,-88.258060,0.00,208.8,165.0,10.0,0.257,687.5,0.0,3.14
1331757879000,1331757879000,40.135798,-88.258060,0.00,208.8,165.0,10.0,0.257,687.5,0.0,3.14
1331757880000,1331757880000,40.135798,-88.258060,0.00,208.8,165.0,10.0,0.252,681.2,0.0,3.33
1331757881000,1331757881000,40.135798,-88.258060,0.00,208.8,165.0,10.0,0.248,681.2,0.0,3.33
1331757882000,1331757882000,40.135798,-88.258060,0.00,208.8,165.0,10.0,0.248,681.2,0.0,3.33
1331757883000,1331757883000,40.135798,-88.258060,0.00,208.8,165.0,10.0,0.244,675.0,0.0,3.14
1331757884000,1331757884000,40.135798,-88.258060,0.00,208.8,165.0,10.0,0.235,662.5,0.0,3.14
1331757885000,1331757885000,40.135798,-88.258060,0.00,208.8,165.0,10.0,0.235,662.5,0.0,3.14
1331757886000,1331757886000,40.135798,-88.258060,0.00,208.8,165.0,10.0,0.232,662.5,0.0,3.14
1331757887000,1331757887000,40.135798,-88.258060,0.00,208.8,165.0,10.0,0.232,662.5,0.0,3.14
1331757888000,1331757888000,40.135798,-88.258060,0.00,208.8,165.0,10.0,0.232,662.5,0.0,3.14
1331757889000,1331757889000,40.135798,-88.258060,0.00,208.8,165.0,10.0,0.232,662.5,0.0,3.14
1331757890000,1331757890000,40.135798,-88.258060,0.00,208.8,165.0,10.0,0.233,662.5,0.0,3.14
1331757891000,1331757891000,40.135798,-88.258060,0.00,208.8,165.0,10.0,0.233,662.5,0.0,3.14
1331757892000,1331757892000,40.135798,-88.258060,0.00,208.8,165.0,10.0,0.234,662.5,0.0,3.33
1331757893000,1331757893000,40.135798,-88.258060,0.00,208.8,165.0,10.0,0.238,662.5,0.0,3.53
1331757894000,1331757894000,40.135798,-88.258060,0.00,208.8,165.0,10.0,0.238,662.5,0.0,3.53
1331757895000,1331757895000,40.135798,-88.258060,0.00,208.8,165.0,10.0,0.238,662.5,0.0,3.53
1331757896000,1331757896000,40.135798,-88.258060,0.00,208.8,165.0,10.0,0.238,662.5,0.0,3.53
1331757897000,1331757897000,40.135798,-88.258060,0.00,208.8,165.0,10.0,0.238,662.5,0.0,3.53
1331757898000,1331757898000,40.135798,-88.258060,0.00,208.8,165.0,10.0,0.234,662.5,0.0,3.53
1331757899000,1331757899000,40.135798,-88.258060,0.00,208.8,165.0,10.0,0.234,662.5,0.0,3.53
1331757900000,1331757900000,40.135798,-88.258060,0.00,208.8,165.0,10.0,0.226,656.2,0.0,3.53
1331757901000,1331757901000,40.135798,-88.258060,0.00,208.8,165.0,10.0,0.223,650.0,0.0,3.53
1331757902000,1331757902000,40.135798,-88.258060,0.00,208.8,165.0,10.0,0.223,650.0,0.0,3.53
1331757903000,1331757903000,40.135798,-88.258060,0.00,208.8,165.0,10.0,0.223,650.0,0.0,3.53
1331757904000,1331757904000,40.135798,-88.258060,0.00,208.8,165.0,10.0,0.223,650.0,0.0,3.53
1331757905000,1331757905000,40.135798,-88.258060,0.00,208.8,165.0,10.0,0.228,650.0,0.0,3.53
1331757906000,1331757906000,40.135798,-88.258060,0.00,208.8,165.0,10.0,0.228,650.0,0.0,3.53
1331757907000,1331757907000,40.135798,-88.258060,0.00,208.8,165.0,10.0,0.230,650.0,0.0,3.53
1331757908000,1331757908000,40.135798,-88.258060,0.00,208.8,165.0,10.0,0.230,650.0,0.0,3.53
1331757909000,1331757909000,40.135798,-88.258060,0.00,208.8,165.0,10.0,0.230,650.0,0.0,3.53
1331757910000,1331757910000,40.135798,-88.258060,0.00,208.8,165.0,10.0,0.228,650.0,0.0,3.53
1331757911000,1331757911000,40.135798,-88.258060,0.00,208.8,165.0,10.0,0.228,650.0,0.0,3.53
1331757912000,1331757912000,40.135798,-88.258060,0.00,208.8,165.0,10.0,0.226,656.2,0.0,3.53
1331757913000,1331757913000,40.135798,-88.258060,0.00,208.8,165.0,10.0,0.226,656.2,0.0,3.53
1331757914000,1331757914000,40.135798,-88.258060,0.00,208.8,165.0,10.0,0.227,662.5,0.0,3.53
1331757915000,1331757915000,40.135798,-88.258060,0.00,208.8,165.0,10.0,0.227,662.5,0.0,3.53
1331757916000,1331757916000,40.135798,-88.258060,0.00,208.8,165.0,10.0,0.229,656.2,0.0,3.53
1331757917000,1331757917000,40.135798,-88.258060,0.00,208.8,165.0,10.0,0.229,656.2,0.0,3.53
1331757918000,1331757918000,40.135798,-88.258060,0.00,208.8,165.0,10.0,0.232,656.2,0.0,3.53
1331757919000,1331757919000,40.135798,-88.258060,0.00,208.8,165.0,10.0,0.230,662.5,0.0,3.53
1331757920000,1331757920000,40.135798,-88.258060,0.00,208.8,165.0,10.0,0.229,662.5,0.0,3.53
1331757921000,1331757921000,40.135798,-88.258060,0.00,208.8,165.0,10.0,0.228,662.5,0.0,3.53
1331757922000,1331757922000,40.135798,-88.258060,0.00,208.8,165.0,10.0,0.228,662.5,0.0,3.53
1331757923000,1331757923000,40.135798,-88.258060,0.00,208.8,165.0,10.0,0.412,931.2,0.0,4.90
1331757924000,1331757924000,40.135791,-88.258062,1.63,208.9,169.0,10.0,0.771,1356.2,0.0,7.06
1331757925000,1331757925000,40.135768,-88.258063,3.19,208.6,179.0,10.0,0.945,1625.0,0.0,7.84
1331757926000,1331757926000,40.135733,-88.258062,4.50,208.6,178.0,10.0,1.043,1662.5,0.0,7.84
1331757927000,1331757927000,40.135688,-88.258061,5.32,208.5,179.0,10.0,1.170,1643.7,12.0,8.63
1331757928000,1331757928000,40.135636,-88.258060,6.32,208.7,179.0,10.0,1.170,1643.7,12.0,8.63
1331757929000,1331757929000,40.135577,-88.258060,7.19,209.1,180.0,10.0,1.222,1700.0,27.0,9.41
1331757930000,1331757930000,40.135508,-88.258060,7.94,209.4,180.0,10.0,1.222,1700.0,27.0,9.41
1331757931000,1331757931000,40.135435,-88.258060,8.51,209.6,180.0,10.0,1.228,1700.0,30.0,9.41
1331757932000,1331757932000,40.135354,-88.258061,9.07,209.6,180.0,10.0,1.228,1700.0,30.0,9.41
1331757933000,1331757933000,40.135269,-88.258060,9.70,209.6,179.0,10.0,1.210,1712.5,34.0,9.41
1331757934000,1331757934000,40.135180,-88.258058,10.20,209.6,178.0,10.0,1.210,1712.5,34.0,9.41
1331757935000,1331757935000,40.135087,-88.258053,10.38,209.7,176.0,10.0,0.721,1287.5,33.0,6.47
1331757936000,1331757936000,40.134995,-88.258044,10.57,209.7,176.0,10.0,0.721,1287.5,33.0,6.47
1331757937000,1331757937000,40.134904,-88.258035,10.45,209.9,176.0,10.0,0.721,1287.5,33.0,6.47
1331757938000,1331757938000,40.134811,-88.258029,10.20,209.9,177.0,10.0,0.721,1287.5,33.0,6.47
1331757939000,1331757939000,40.134723,-88.258024,9.70,209.9,178.0,10.0,0.721,1287.5,33.0,6.47
1331757940000,1331757940000,40.134639,-88.258021,8.88,210.1,179.0,10.0,0.721,1287.5,33.0,6.47
1331757941000,1331757941000,40.134564,-88.258019,7.69,210.0,179.0,10.0,0.256,818.7,28.0,3.33
1331757942000,1331757942000,40.134503,-88.258018,6.13,210.1,178.0,10.0,0.256,818.7,28.0,3.33
1331757943000,1331757943000,40.134459,-88.258017,4.00,210.0,177.0,10.0,0.276,756.2,16.0,3.14
1331757944000,1331757944000,40.134439,-88.258015,1.88,210.4,176.0,10.0,0.276,756.2,16.0,3.14
1331757945000,1331757945000,40.134432,-88.258013,0.63,210.7,176.0,10.0,0.268,725.0,2.0,3.14
1331757946000,1331757946000,40.134430,-88.258013,0.38,210.9,175.0,10.0,0.268,725.0,2.0,3.14
1331757947000,1331757947000,40.134430,-88.258013,0.00,210.9,175.0,10.0,0.268,725.0,2.0,3.14
1331757948000,1331757948000,40.134430,-88.258013,0.00,210.9,175.0,10.0,0.268,725.0,2.0,3.14
1331757949000,1331757949000,40.134430,-88.258013,0.00,210.9,175.0,10.0,0.495,725.0,0.0,4.71
1331757950000,1331757950000,40.134415,-88.258012,2.31,211.5,176.0,10.0,0.857,725.0,0.0,7.25
1331757951000,1331757951000,40.134395,-88.258010,3.50,211.8,172.0,10.0,1.012,1275.0,0.0,8.04
1331757952000,1331757952000,40.134361,-88.257999,4.75,211.9,162.0,10.0,0.996,1693.7,11.0,7.84
1331757953000,1331757953000,40.134319,-88.257972,6.07,212.3,151.0,10.0,0.996,1693.7,11.0,7.84
1331757954000,1331757954000,40.134272,-88.257926,6.94,212.6,139.0,10.0,0.981,1562.5,22.0,7.84
1331757955000,1331757955000,40.134232,-88.257858,7.82,213.4,126.0,10.0,1.181,1643.7,28.0,9.02
1331757956000,1331757956000,40.134203,-88.257775,8.44,213.3,109.0,10.0,1.181,1643.7,28.0,9.02
1331757957000,1331757957000,40.134190,-88.257674,9.07,213.5,96.0,10.0,1.427,1725.0,36.0,10.78
1331757958000,1331757958000,40.134193,-88.257561,9.76,213.9,86.0,10.0,1.724,1725.0,38.0,11.96
1331757959000,1331757959000,40.134207,-88.257440,10.51,214.1,81.0,10.0,1.724,1725.0,38.0,11.96
1331757960000,1331757960000,40.134228,-88.257306,11.70,214.3,80.0,10.0,2.037,1950.0,38.0,13.53
1331757961000,1331757961000,40.134255,-88.257153,13.07,214.5,79.0,10.0,2.305,2287.5,38.0,15.69
1331757962000,1331757962000,40.134286,-88.256983,14.32,214.8,79.0,10.0,2.305,2287.5,38.0,15.69
1331757963000,1331757963000,40.134320,-88.256797,15.64,214.6,78.0,10.0,2.526,2400.0,38.0,18.43
1331757964000,1331757964000,40.134362,-88.256589,17.14,214.0,77.0,10.0,2.426,2337.5,38.0,18.04
1331757965000,1331757965000,40.134404,-88.256370,18.26,213.3,77.0,10.0,2.426,2337.5,38.0,18.04
1331757966000,1331757966000,40.134444,-88.256140,19.52,212.7,78.0,10.0,2.426,2337.5,38.0,18.04
1331757967000,1331757967000,40.134489,-88.255899,20.52,212.4,78.0,10.0,2.426,2337.5,38.0,18.04
1331757968000,1331757968000,40.134531,-88.255650,21.14,212.3,80.0,10.0,2.257,2143.7,38.0,16.08
1331757969000,1331757969000,40.134571,-88.255391,22.02,212.1,81.0,10.0,2.140,2012.5,38.0,15.69
1331757970000,1331757970000,40.134604,-88.255120,22.77,212.5,83.0,10.0,2.107,2062.5,38.0,15.10
1331757971000,1331757971000,40.134625,-88.254843,23.27,212.1,86.0,10.0,2.257,2112.5,64.0,15.69
1331757972000,1331757972000,40.134634,-88.254563,23.64,210.6,88.0,10.0,2.257,2112.5,64.0,15.69
1331757973000,1331757973000,40.134634,-88.254281,24.21,209.9,90.0,10.0,2.257,2112.5,64.0,15.69
1331757974000,1331757974000,40.134630,-88.253995,24.64,209.3,91.0,10.0,2.257,2112.5,64.0,15.69
1331757975000,1331757975000,40.134625,-88.253703,25.08,209.0,91.0,10.0,2.392,2212.5,92.0,16.27
1331757976000,1331757976000,40.134620,-88.253405,25.58,208.7,91.0,10.0,2.504,2368.7,96.0,17.06
1331757977000,1331757977000,40.134618,-88.253101,26.08,208.7,90.0,10.0,2.504,2368.7,96.0,17.06
1331757978000,1331757978000,40.134619,-88.252791,26.65,208.6,89.0,10.0,2.504,2368.7,96.0,17.06
1331757979000,1331757979000,40.134622,-88.252474,27.15,208.3,89.0,10.0,2.636,2425.0,98.0,18.43
1331757980000,1331757980000,40.134625,-88.252151,27.65,208.1,89.0,10.0,2.545,2481.2,98.0,17.65
1331757981000,1331757981000,40.134628,-88.251822,28.15,207.8,89.0,10.0,2.227,2537.5,100.0,14.90
1331757982000,1331757982000,40.134629,-88.251489,28.46,207.6,90.0,10.0,2.227,2537.5,100.0,14.90
1331757983000,1331757983000,40.134629,-88.251153,28.52,207.2,90.0,10.0,1.862,2537.5,103.0,13.33
1331757984000,1331757984000,40.134632,-88.250816,28.52,206.7,89.0,10.0,1.931,2562.5,104.0,13.73
1331757985000,1331757985000,40.134635,-88.250478,28.77,206.3,89.0,10.0,2.380,2606.2,105.0,14.12
1331757986000,1331757986000,40.134636,-88.250138,29.09,206.1,90.0,10.0,2.380,2606.2,105.0,14.12
1331757987000,1331757987000,40.134637,-88.249794,29.40,205.9,90.0,10.0,2.405,2625.0,106.0,14.12
1331757988000,1331757988000,40.134640,-88.249448,29.59,205.8,89.0,10.0,1.983,2643.7,107.0,14.12
1331757989000,1331757989000,40.134643,-88.249099,29.65,205.5,89.0,10.0,1.665,2662.5,107.0,11.96
1331757990000,1331757990000,40.134647,-88.248750,29.59,205.0,89.0,10.0,1.665,2662.5,107.0,11.96
1331757991000,1331757991000,40.134651,-88.248403,29.52,204.7,89.0,10.0,1.537,2656.2,106.0,9.41
1331757992000,1331757992000,40.134655,-88.248055,29.46,204.1,89.0,10.0,1.330,2637.5,106.0,8.04
1331757993000,1331757993000,40.134658,-88.247710,29.27,203.4,89.0,10.0,1.233,2612.5,105.0,7.06
1331757994000,1331757994000,40.134661,-88.247367,29.09,202.9,89.0,10.0,1.233,2612.5,105.0,7.06
1331757995000,1331757995000,40.134664,-88.247027,28.90,202.5,89.0,10.0,1.233,2612.5,105.0,7.06
1331757996000,1331757996000,40.134667,-88.246687,28.84,201.8,89.0,10.0,1.418,2593.7,104.0,8.04
1331757997000,1331757997000,40.134670,-88.246348,28.84,201.5,90.0,10.0,1.635,2593.7,104.0,9.80
1331757998000,1331757998000,40.134672,-88.246009,28.84,201.2,90.0,10.0,1.635,2593.7,104.0,9.80
1331757999000,1331757999000,40.134673,-88.245670,28.90,200.9,90.0,10.0,1.635,2593.7,104.0,9.80
1331758000000,1331758000000,40.134675,-88.245331,28.90,200.7,90.0,10.0,1.635,2593.7,104.0,9.80
1331758001000,1331758001000,40.134677,-88.244992,28.90,200.7,89.0,10.0,1.764,2600.0,104.0,10.98
1331758002000,1331758002000,40.134681,-88.244653,28.90,200.6,89.0,10.0,1.546,2587.5,104.0,11.37
1331758003000,1331758003000,40.134684,-88.244314,28.90,200.7,89.0,10.0,1.546,2587.5,104.0,11.37
1331758004000,1331758004000,40.134687,-88.243976,28.77,200.7,89.0,10.0,1.546,2587.5,104.0,11.37
1331758005000,1331758005000,40.134693,-88.243639,28.71,200.8,88.0,10.0,1.190,2556.2,103.0,11.37
1331758006000,1331758006000,40.134699,-88.243306,28.34,200.8,89.0,10.0,1.190,2556.2,103.0,11.37
1331758007000,1331758007000,40.134709,-88.242976,28.21,200.9,88.0,10.0,1.020,2525.0,101.0,8.24
1331758008000,1331758008000,40.134717,-88.242648,27.96,201.4,89.0,10.0,1.020,2525.0,101.0,8.24
1331758009000,1331758009000,40.134722,-88.242324,27.71,201.7,89.0,10.0,0.835,2487.5,99.0,4.31
1331758010000,1331758010000,40.134727,-88.242004,27.27,202.0,89.0,10.0,0.725,2462.5,98.0,3.53
1331758011000,1331758011000,40.134731,-88.241688,26.83,202.5,89.0,10.0,0.694,2412.5,98.0,3.53
1331758012000,1331758012000,40.134737,-88.241378,26.40,203.0,89.0,10.0,0.697,2343.7,95.0,3.53
1331758013000,1331758013000,40.134741,-88.241073,25.96,203.5,89.0,10.0,0.697,2343.7,95.0,3.53
1331758014000,1331758014000,40.134744,-88.240773,25.52,203.9,89.0,10.0,0.753,2262.5,90.0,3.53
1331758015000,1331758015000,40.134747,-88.240477,25.15,204.4,90.0,10.0,0.753,2262.5,90.0,3.53
1331758016000,1331758016000,40.134747,-88.240185,24.83,204.9,90.0,10.0,0.753,2262.5,90.0,3.53
1331758017000,1331758017000,40.134748,-88.239897,24.46,205.4,90.0,10.0,0.765,2200.0,87.0,3.92
1331758018000,1331758018000,40.134749,-88.239612,24.14,205.7,89.0,10.0,0.765,2200.0,87.0,3.92
1331758019000,1331758019000,40.134754,-88.239332,23.83,206.0,89.0,10.0,0.625,2168.7,86.0,3.33
1331758020000,1331758020000,40.134758,-88.239057,23.39,206.2,89.0,10.0,0.590,2137.5,84.0,2.75
1331758021000,1331758021000,40.134761,-88.238785,23.02,206.4,90.0,10.0,0.689,2093.7,82.0,3.14
1331758022000,1331758022000,40.134762,-88.238517,22.89,206.5,90.0,10.0,0.689,2093.7,82.0,3.14
1331758023000,1331758023000,40.134763,-88.238250,22.77,206.4,89.0,10.0,0.902,2056.2,82.0,5.10
1331758024000,1331758024000,40.134766,-88.237984,22.83,206.4,89.0,10.0,0.902,2056.2,82.0,5.10
1331758025000,1331758025000,40.134771,-88.237717,22.83,206.3,89.0,10.0,1.091,2068.7,82.0,7.06
1331758026000,1331758026000,40.134774,-88.237449,22.96,206.1,89.0,10.0,1.236,2081.2,83.0,7.45
1331758027000,1331758027000,40.134775,-88.237178,23.14,205.9,90.0,10.0,1.236,2081.2,83.0,7.45
1331758028000,1331758028000,40.134772,-88.236906,23.33,205.8,91.0,10.0,1.648,2106.2,84.0,10.00
1331758029000,1331758029000,40.134768,-88.236632,23.64,205.9,92.0,10.0,2.024,2125.0,85.0,12.16
1331758030000,1331758030000,40.134762,-88.236352,24.08,206.1,91.0,10.0,2.173,2125.0,86.0,12.16
1331758031000,1331758031000,40.134758,-88.236069,24.46,206.6,91.0,10.0,2.102,2193.7,88.0,13.33
1331758032000,1331758032000,40.134757,-88.235782,24.71,207.1,90.0,10.0,2.102,2193.7,88.0,13.33
1331758033000,1331758033000,40.134757,-88.235494,24.71,207.7,90.0,10.0,2.102,2193.7,88.0,13.33
1331758034000,1331758034000,40.134759,-88.235203,24.96,208.5,89.0,10.0,2.102,2193.7,88.0,13.33
1331758035000,1331758035000,40.134762,-88.234910,25.08,209.3,89.0,10.0,1.689,2262.5,90.0,14.51
1331758036000,1331758036000,40.134766,-88.234616,25.08,210.0,89.0,10.0,1.689,2262.5,90.0,14.51
1331758037000,1331758037000,40.134769,-88.234322,25.02,210.6,89.0,10.0,1.689,2262.5,90.0,14.51
1331758038000,1331758038000,40.134773,-88.234029,24.96,211.3,89.0,10.0,1.689,2262.5,90.0,14.51
1331758039000,1331758039000,40.134775,-88.233736,24.96,211.8,89.0,10.0,1.296,2250.0,90.0,10.98
1331758040000,1331758040000,40.134780,-88.233443,24.89,212.3,89.0,10.0,1.296,2250.0,90.0,10.98
1331758041000,1331758041000,40.134781,-88.233151,24.77,212.7,90.0,10.0,1.256,2237.5,90.0,7.84
1331758042000,1331758042000,40.134783,-88.232860,24.77,213.0,89.0,10.0,1.256,2237.5,90.0,7.84
1331758043000,1331758043000,40.134785,-88.232570,24.83,213.2,89.0,10.0,1.357,2237.5,90.0,8.43
1331758044000,1331758044000,40.134787,-88.232278,24.96,213.4,89.0,10.0,1.433,2237.5,90.0,9.02
1331758045000,1331758045000,40.134790,-88.231985,25.08,213.4,89.0,10.0,1.410,2262.5,90.0,9.41
1331758046000,1331758046000,40.134794,-88.231690,25.27,213.4,89.0,10.0,1.410,2262.5,90.0,9.41
1331758047000,1331758047000,40.134797,-88.231393,25.52,213.4,89.0,10.0,1.379,2287.5,91.0,9.41
1331758048000,1331758048000,40.134802,-88.231092,25.71,213.1,89.0,10.0,1.619,2287.5,94.0,9.80
1331758049000,1331758049000,40.134806,-88.230789,25.96,213.1,89.0,10.0,1.619,2287.5,94.0,9.80
1331758050000,1331758050000,40.134809,-88.230483,26.21,212.7,89.0,10.0,1.668,2350.0,96.0,10.20
1331758051000,1331758051000,40.134813,-88.230172,26.65,212.3,89.0,10.0,1.668,2350.0,96.0,10.20
1331758052000,1331758052000,40.134817,-88.229857,26.90,211.7,89.0,10.0,1.488,2412.5,96.0,10.20
1331758053000,1331758053000,40.134821,-88.229539,27.21,210.9,89.0,10.0,1.530,2443.7,96.0,10.00
1331758054000,1331758054000,40.134826,-88.229218,27.52,210.3,89.0,10.0,1.636,2493.7,96.0,10.20
1331758055000,1331758055000,40.134830,-88.228893,27.90,209.5,89.0,10.0,1.691,2512.5,96.0,10.39
1331758056000,1331758056000,40.134834,-88.228564,28.21,208.6,89.0,10.0,1.710,2568.7,101.0,10.20
1331758057000,1331758057000,40.134838,-88.228231,28.59,207.8,89.0,10.0,1.710,2568.7,101.0,10.20
1331758058000,1331758058000,40.134842,-88.227894,28.84,207.1,89.0,10.0,1.710,2568.7,101.0,10.20
1331758059000,1331758059000,40.134846,-88.227554,29.02,206.8,89.0,10.0,1.710,2568.7,101.0,10.20
1331758060000,1331758060000,40.134851,-88.227213,29.15,206.7,89.0,10.0,1.568,2625.0,106.0,10.20
1331758061000,1331758061000,40.134855,-88.226872,29.15,206.6,90.0,10.0,1.407,2612.5,106.0,9.41
1331758062000,1331758062000,40.134859,-88.226531,29.02,206.8,90.0,10.0,1.350,2600.0,106.0,8.24
1331758063000,1331758063000,40.134861,-88.226193,28.71,206.8,90.0,10.0,1.028,2562.5,106.0,7.84
1331758064000,1331758064000,40.134862,-88.225858,28.46,207.2,90.0,10.0,0.695,2456.2,101.0,5.29
1331758065000,1331758065000,40.134864,-88.225528,27.90,207.5,90.0,10.0,0.695,2456.2,101.0,5.29
1331758066000,1331758066000,40.134867,-88.225205,27.33,207.7,89.0,10.0,0.695,2456.2,101.0,5.29
1331758067000,1331758067000,40.134872,-88.224887,26.77,207.7,89.0,10.0,0.695,2456.2,101.0,5.29
1331758068000,1331758068000,40.134877,-88.224576,26.40,208.0,89.0,10.0,0.588,2343.7,94.0,2.75
1331758069000,1331758069000,40.134881,-88.224270,25.90,208.1,90.0,10.0,0.588,2343.7,94.0,2.75
1331758070000,1331758070000,40.134881,-88.223970,25.40,208.3,91.0,10.0,0.541,2237.5,92.0,2.75
1331758071000,1331758071000,40.134877,-88.223677,24.83,208.4,91.0,10.0,0.541,2237.5,92.0,2.75
1331758072000,1331758072000,40.134868,-88.223391,24.27,208.5,93.0,10.0,0.541,2237.5,92.0,2.75
1331758073000,1331758073000,40.134857,-88.223111,23.83,208.8,93.0,10.0,0.525,2175.0,92.0,2.75
1331758074000,1331758074000,40.134843,-88.222835,23.46,208.8,94.0,10.0,0.513,2125.0,92.0,2.75
1331758075000,1331758075000,40.134825,-88.222563,22.96,208.7,95.0,10.0,0.507,2043.7,86.0,2.75
1331758076000,1331758076000,40.134798,-88.222297,22.46,208.3,97.0,10.0,0.498,1968.7,79.0,2.75
1331758077000,1331758077000,40.134765,-88.222041,21.83,207.9,100.0,10.0,0.498,1968.7,79.0,2.75
1331758078000,1331758078000,40.134720,-88.221793,21.64,207.6,104.0,10.0,0.484,1893.7,78.0,2.94
1331758079000,1331758079000,40.134665,-88.221551,21.02,207.3,108.0,10.0,0.454,1781.2,73.0,2.94
1331758080000,1331758080000,40.134604,-88.221321,20.27,207.0,109.0,10.0,0.454,1781.2,73.0,2.94
1331758081000,1331758081000,40.134545,-88.221104,18.89,207.0,110.0,10.0,0.454,1781.2,73.0,2.94
1331758082000,1331758082000,40.134486,-88.220898,18.14,207.0,110.0,10.0,0.422,1700.0,68.0,2.94
1331758083000,1331758083000,40.134431,-88.220705,17.20,206.8,110.0,10.0,0.396,1581.2,62.0,3.14
1331758084000,1331758084000,40.134381,-88.220523,16.08,206.9,110.0,10.0,0.352,1343.7,51.0,3.14
1331758085000,1331758085000,40.134335,-88.220361,14.20,206.9,110.0,10.0,0.352,1343.7,51.0,3.14
1331758086000,1331758086000,40.134296,-88.220223,12.26,207.0,109.0,10.0,0.277,1087.5,46.0,3.53
1331758087000,1331758087000,40.134266,-88.220104,10.20,206.9,106.0,10.0,0.244,950.0,46.0,3.92
1331758088000,1331758088000,40.134242,-88.220012,8.13,207.0,108.0,10.0,0.270,843.7,46.0,3.53
1331758089000,1331758089000,40.134220,-88.219944,6.00,207.4,114.0,10.0,0.270,843.7,46.0,3.53
1331758090000,1331758090000,40.134207,-88.219899,3.88,207.4,111.0,10.0,0.270,843.7,46.0,3.53
1331758091000,1331758091000,40.134205,-88.219874,1.88,207.5,110.0,10.0,0.270,843.7,46.0,3.53
1331758092000,1331758092000,40.134207,-88.219864,0.94,207.7,111.0,10.0,0.280,718.7,46.0,3.14
1331758093000,1331758093000,40.134209,-88.219860,0.38,207.5,105.0,10.0,0.277,700.0,24.0,3.14
1331758094000,1331758094000,40.134210,-88.219857,0.00,207.5,105.0,10.0,0.277,700.0,24.0,3.14
1331758095000,1331758095000,40.134210,-88.219857,0.00,207.5,105.0,10.0,0.267,706.2,3.0,3.14
1331758096000,1331758096000,40.134210,-88.219857,0.00,207.5,105.0,10.0,0.460,1031.2,11.0,4.71
1331758097000,1331758097000,40.134201,-88.219823,1.69,207.8,107.0,10.0,0.460,1031.2,11.0,4.71
1331758098000,1331758098000,40.134197,-88.219804,1.88,207.5,109.0,10.0,0.460,1031.2,11.0,4.71
1331758099000,1331758099000,40.134191,-88.219780,2.63,207.2,109.0,10.0,0.460,1031.2,11.0,4.71
1331758100000,1331758100000,40.134178,-88.219748,3.75,207.6,116.0,10.0,0.460,1031.2,11.0,4.71
1331758101000,1331758101000,40.134159,-88.219706,4.57,208.1,125.0,10.0,0.460,1031.2,11.0,4.71
1331758102000,1331758102000,40.134129,-88.219665,5.19,208.2,134.0,10.0,0.846,1487.5,21.0,7.06
1331758103000,1331758103000,40.134089,-88.219625,6.00,208.3,146.0,10.0,0.846,1487.5,21.0,7.06
1331758104000,1331758104000,40.134031,-88.219600,6.82,208.6,162.0,10.0,1.053,1693.7,26.0,7.84
1331758105000,1331758105000,40.133971,-88.219579,7.32,208.3,169.0,10.0,1.167,1750.0,28.0,9.02
1331758106000,1331758106000,40.133894,-88.219575,8.69,208.5,175.0,10.0,1.167,1750.0,28.0,9.02
1331758107000,1331758107000,40.133808,-88.219573,9.45,208.6,177.0,10.0,1.261,1737.5,36.0,10.20
1331758108000,1331758108000,40.133715,-88.219570,10.45,208.4,177.0,10.0,1.261,1737.5,36.0,10.20
1331758109000,1331758109000,40.133614,-88.219570,11.38,208.0,179.0,10.0,1.261,1737.5,36.0,10.20
1331758110000,1331758110000,40.133503,-88.219577,12.38,207.2,179.0,10.0,1.215,1700.0,44.0,10.00
1331758111000,1331758111000,40.133383,-88.219583,13.26,206.4,180.0,10.0,1.187,1668.7,47.0,9.61
1331758112000,1331758112000,40.133256,-88.219587,13.95,205.6,178.0,10.0,1.058,1675.0,52.0,9.41
1331758113000,1331758113000,40.133121,-88.219589,14.57,204.9,176.0,10.0,1.058,1675.0,52.0,9.41
1331758114000,1331758114000,40.132985,-88.219584,14.95,204.4,177.0,10.0,1.058,1675.0,52.0,9.41
1331758115000,1331758115000,40.132846,-88.219579,15.26,204.1,178.0,10.0,0.682,1562.5,54.0,6.67
1331758116000,1331758116000,40.132707,-88.219574,15.26,203.8,178.0,10.0,0.489,1462.5,54.0,4.12
1331758117000,1331758117000,40.132570,-88.219569,15.32,203.8,179.0,10.0,0.481,1462.5,54.0,3.92
1331758118000,1331758118000,40.132434,-88.219565,15.20,203.8,179.0,10.0,0.483,1450.0,54.0,3.73
1331758119000,1331758119000,40.132298,-88.219562,15.20,203.6,180.0,10.0,0.483,1450.0,54.0,3.73
1331758120000,1331758120000,40.132161,-88.219562,15.26,203.8,179.0,10.0,0.587,1468.7,54.0,3.92
1331758121000,1331758121000,40.132022,-88.219561,15.20,204.0,178.0,10.0,0.668,1493.7,54.0,4.51
1331758122000,1331758122000,40.131883,-88.219557,15.01,204.5,178.0,10.0,0.836,1556.2,54.0,5.69
1331758123000,1331758123000,40.131747,-88.219554,14.95,205.0,178.0,10.0,0.836,1556.2,54.0,5.69
1331758124000,1331758124000,40.131612,-88.219553,14.95,205.1,178.0,10.0,0.836,1556.2,54.0,5.69
1331758125000,1331758125000,40.131476,-88.219551,15.07,205.4,178.0,10.0,1.005,1612.5,55.0,7.06
1331758126000,1331758126000,40.131340,-88.219548,15.26,205.7,178.0,10.0,1.031,1637.5,56.0,7.84
1331758127000,1331758127000,40.131202,-88.219544,15.45,206.0,178.0,10.0,0.931,1662.5,56.0,7.84
1331758128000,1331758128000,40.131061,-88.219542,15.57,206.4,178.0,10.0,0.931,1662.5,56.0,7.84
1331758129000,1331758129000,40.130919,-88.219539,15.70,206.5,178.0,10.0,0.931,1662.5,56.0,7.84
1331758130000,1331758130000,40.130776,-88.219536,15.83,206.7,179.0,10.0,0.891,1662.5,56.0,7.84
1331758131000,1331758131000,40.130633,-88.219534,15.89,206.8,179.0,10.0,0.909,1662.5,56.0,7.45
1331758132000,1331758132000,40.130489,-88.219533,15.95,206.9,179.0,10.0,0.829,1662.5,56.0,7.06
1331758133000,1331758133000,40.130343,-88.219531,15.83,206.9,179.0,10.0,0.672,1562.5,57.0,6.67
1331758134000,1331758134000,40.130199,-88.219531,15.83,207.1,179.0,10.0,0.672,1562.5,57.0,6.67
1331758135000,1331758135000,40.130054,-88.219531,15.83,207.1,179.0,10.0,0.672,1562.5,57.0,6.67
1331758136000,1331758136000,40.129910,-88.219531,15.89,207.2,179.0,10.0,0.672,1562.5,57.0,6.67
1331758137000,1331758137000,40.129767,-88.219531,15.64,207.3,180.0,10.0,0.395,1412.5,57.0,4.71
1331758138000,1331758138000,40.129627,-88.219532,15.26,207.6,180.0,10.0,0.281,1331.2,56.0,3.14
1331758139000,1331758139000,40.129490,-88.219534,14.95,208.0,180.0,10.0,0.315,1262.5,53.0,3.14
1331758140000,1331758140000,40.129356,-88.219535,14.57,208.3,180.0,10.0,0.315,1262.5,53.0,3.14
1331758141000,1331758141000,40.129224,-88.219535,14.32,209.0,180.0,10.0,0.315,1262.5,53.0,3.14
1331758142000,1331758142000,40.129095,-88.219536,14.07,209.6,180.0,10.0,0.301,1206.2,50.0,3.14
1331758143000,1331758143000,40.128969,-88.219536,13.70,210.1,180.0,10.0,0.287,1187.5,50.0,3.14
1331758144000,1331758144000,40.128846,-88.219539,13.51,210.3,180.0,10.0,0.267,1137.5,48.0,3.33
1331758145000,1331758145000,40.128723,-88.219543,13.20,210.9,181.0,10.0,0.267,1137.5,48.0,3.33
1331758146000,1331758146000,40.128607,-88.219547,12.70,211.1,181.0,10.0,0.243,1037.5,45.0,3.53
1331758147000,1331758147000,40.128495,-88.219552,12.20,211.4,182.0,10.0,0.235,987.5,44.0,3.33
1331758148000,1331758148000,40.128387,-88.219557,11.45,211.9,182.0,10.0,0.239,987.5,38.0,3.33
1331758149000,1331758149000,40.128289,-88.219563,10.38,212.5,182.0,10.0,0.239,987.5,38.0,3.33
1331758150000,1331758150000,40.128203,-88.219566,9.32,212.3,181.0,10.0,0.234,987.5,30.0,3.53
1331758151000,1331758151000,40.128127,-88.219568,8.38,211.9,181.0,10.0,0.234,987.5,30.0,3.53
1331758152000,1331758152000,40.128060,-88.219570,7.13,211.6,181.0,10.0,0.255,937.5,25.0,3.53
1331758153000,1331758153000,40.128009,-88.219573,5.63,211.5,181.0,10.0,0.281,875.0,18.0,3.53
1331758154000,1331758154000,40.127972,-88.219574,3.88,211.3,181.0,10.0,0.283,862.5,14.0,3.33
1331758155000,1331758155000,40.127948,-88.219575,2.06,211.7,181.0,10.0,0.283,862.5,9.0,3.14
1331758156000,1331758156000,40.127940,-88.219576,0.94,212.0,180.0,10.0,0.283,862.5,9.0,3.14
1331758157000,1331758157000,40.127943,-88.219576,0.00,211.9,181.0,10.0,0.284,862.5,2.0,3.14
1331758158000,1331758158000,40.127943,-88.219576,0.00,211.9,181.0,10.0,0.274,781.2,0.0,3.14
1331758159000,1331758159000,40.127943,-88.219576,0.00,211.9,181.0,10.0,0.260,706.2,0.0,3.14
1331758160000,1331758160000,40.127943,-88.219576,0.00,211.9,181.0,10.0,0.260,706.2,0.0,3.14
1331758161000,1331758161000,40.127943,-88.219576,0.00,211.9,181.0,10.0,0.259,706.2,0.0,2.94
1331758162000,1331758162000,40.127943,-88.219576,0.00,211.9,181.0,10.0,0.250,700.0,0.0,2.75
1331758163000,1331758163000,40.127943,-88.219576,0.00,211.9,181.0,10.0,0.238,700.0,0.0,2.75
1331758164000,1331758164000,40.127943,-88.219576,0.00,211.9,181.0,10.0,0.706,1193.7,7.0,5.88
1331758165000,1331758165000,40.127943,-88.219576,0.00,211.9,181.0,10.0,0.706,1193.7,7.0,5.88
1331758166000,1331758166000,40.127943,-88.219576,0.00,211.9,181.0,10.0,0.706,1193.7,7.0,5.88
1331758167000,1331758167000,40.127943,-88.219576,0.00,211.9,181.0,10.0,0.706,1193.7,7.0,5.88
1331758168000,1331758168000,40.127943,-88.219576,0.00,211.9,181.0,10.0,0.706,1193.7,7.0,5.88
1331758169000,1331758169000,40.127943,-88.219576,0.00,211.9,181.0,10.0,0.706,1193.7,7.0,5.88
1331758170000,1331758170000,40.127922,-88.219572,2.69,210.2,180.0,10.0,0.706,1193.7,7.0,5.88
1331758171000,1331758171000,40.127890,-88.219571,4.13,210.4,179.0,10.0,1.080,1606.2,16.0,7.84
1331758172000,1331758172000,40.127846,-88.219569,5.13,210.5,178.0,10.0,1.152,1525.0,24.0,6.67
1331758173000,1331758173000,40.127794,-88.219568,6.32,210.7,178.0,10.0,1.152,1525.0,24.0,6.67
1331758174000,1331758174000,40.127732,-88.219566,7.32,210.8,179.0,10.0,1.152,1525.0,24.0,6.67
1331758175000,1331758175000,40.127662,-88.219564,8.01,210.9,180.0,10.0,1.362,1525.0,32.0,8.24
1331758176000,1331758176000,40.127587,-88.219565,8.69,211.0,180.0,10.0,1.362,1525.0,32.0,8.24
1331758177000,1331758177000,40.127508,-88.219566,9.13,211.1,180.0,10.0,1.422,1662.5,35.0,9.80
1331758178000,1331758178000,40.127420,-88.219568,9.88,211.1,180.0,10.0,1.451,1825.0,38.0,10.20
1331758179000,1331758179000,40.127325,-88.219570,10.70,211.4,181.0,10.0,1.308,1850.0,40.0,9.80
1331758180000,1331758180000,40.127221,-88.219571,11.20,211.5,179.0,10.0,1.184,1743.7,42.0,9.41
1331758181000,1331758181000,40.127116,-88.219571,11.70,211.9,179.0,10.0,1.184,1743.7,42.0,9.41
1331758182000,1331758182000,40.127007,-88.219570,12.01,212.2,178.0,10.0,1.184,1743.7,42.0,9.41
1331758183000,1331758183000,40.126895,-88.219566,12.38,212.3,177.0,10.0,1.130,1606.2,44.0,9.02
1331758184000,1331758184000,40.126778,-88.219559,12.70,212.4,177.0,10.0,1.130,1606.2,44.0,9.02
1331758185000,1331758185000,40.126659,-88.219551,12.89,212.5,176.0,10.0,1.130,1606.2,44.0,9.02
1331758186000,1331758186000,40.126534,-88.219543,13.57,212.2,177.0,10.0,1.130,1606.2,44.0,9.02
1331758187000,1331758187000,40.126405,-88.219533,13.76,212.1,176.0,10.0,0.838,1575.0,44.0,6.27
1331758188000,1331758188000,40.126274,-88.219525,14.26,211.9,177.0,10.0,0.700,1531.2,48.0,4.31
1331758189000,1331758189000,40.126144,-88.219517,14.20,211.7,178.0,10.0,0.802,1518.7,52.0,4.31
1331758190000,1331758190000,40.126013,-88.219514,14.20,211.3,179.0,10.0,0.947,1606.2,53.0,6.27
1331758191000,1331758191000,40.125881,-88.219512,14.32,210.7,179.0,10.0,0.947,1606.2,53.0,6.27
1331758192000,1331758192000,40.125745,-88.219508,14.82,210.2,179.0,10.0,0.677,1456.2,53.0,5.49
1331758193000,1331758193000,40.125609,-88.219502,14.82,210.5,179.0,10.0,0.677,1456.2,53.0,5.49
1331758194000,1331758194000,40.125471,-88.219499,15.14,210.5,180.0,10.0,0.677,1456.2,53.0,5.49
1331758195000,1331758195000,40.125334,-88.219497,15.01,210.7,180.0,10.0,0.677,1456.2,53.0,5.49
1331758196000,1331758196000,40.125198,-88.219496,14.70,210.8,179.0,10.0,0.677,1456.2,53.0,5.49
1331758197000,1331758197000,40.125062,-88.219495,14.70,210.7,180.0,10.0,0.291,1231.2,52.0,2.94
1331758198000,1331758198000,40.124925,-88.219497,14.45,211.0,180.0,10.0,0.272,1212.5,52.0,2.94
1331758199000,1331758199000,40.124793,-88.219497,14.07,211.0,180.0,10.0,0.272,1212.5,52.0,2.94
1331758200000,1331758200000,40.124664,-88.219499,13.89,210.9,180.0,10.0,0.247,1212.5,49.0,2.94
1331758201000,1331758201000,40.124541,-88.219500,13.39,211.0,181.0,10.0,0.247,1212.5,49.0,2.94
1331758202000,1331758202000,40.124421,-88.219504,12.82,211.1,181.0,10.0,0.235,1212.5,44.0,2.94
1331758203000,1331758203000,40.124307,-88.219507,12.07,211.2,181.0,10.0,0.241,1075.0,42.0,2.75
1331758204000,1331758204000,40.124205,-88.219507,10.51,211.2,180.0,10.0,0.259,912.5,37.0,2.75
1331758205000,1331758205000,40.124115,-88.219508,9.26,211.3,178.0,10.0,0.261,906.2,24.0,2.94
1331758206000,1331758206000,40.124035,-88.219511,8.26,211.3,180.0,10.0,0.261,906.2,24.0,2.94
1331758207000,1331758207000,40.123971,-88.219514,6.51,211.6,183.0,10.0,0.261,906.2,24.0,2.94
1331758208000,1331758208000,40.123926,-88.219517,5.25,212.0,186.0,10.0,0.269,925.0,13.0,2.94
1331758209000,1331758209000,40.123890,-88.219515,3.63,212.2,187.0,10.0,0.289,831.2,10.0,2.75
1331758210000,1331758210000,40.123870,-88.219515,2.19,212.5,188.0,10.0,0.289,831.2,10.0,2.75
1331758211000,1331758211000,40.123856,-88.219507,1.06,212.3,188.0,10.0,0.289,831.2,10.0,2.75
1331758212000,1331758212000,40.123847,-88.219500,0.88,212.2,184.0,10.0,0.283,731.2,6.0,2.94
1331758213000,1331758213000,40.123837,-88.219498,0.00,212.3,184.0,10.0,0.283,731.2,6.0,2.94
1331758214000,1331758214000,40.123837,-88.219498,0.00,212.3,184.0,10.0,0.274,725.0,2.0,3.14
1331758215000,1331758215000,40.123837,-88.219498,0.00,212.3,184.0,10.0,0.365,906.2,4.0,4.12
1331758216000,1331758216000,40.123837,-88.219498,0.00,212.3,184.0,10.0,0.365,906.2,4.0,4.12
1331758217000,1331758217000,40.123837,-88.219498,0.00,212.3,184.0,10.0,0.365,906.2,4.0,4.12
1331758218000,1331758218000,40.123837,-88.219498,0.00,212.3,184.0,10.0,0.365,906.2,4.0,4.12
1331758219000,1331758219000,40.123837,-88.219498,0.00,212.3,184.0,10.0,0.709,1375.0,10.0,6.08
1331758220000,1331758220000,40.123819,-88.219514,3.00,214.6,195.0,10.0,0.709,1375.0,10.0,6.08
1331758221000,1331758221000,40.123779,-88.219520,4.32,214.5,187.0,10.0,1.078,1662.5,14.0,7.06
1331758222000,1331758222000,40.123725,-88.219519,5.50,214.3,179.0,10.0,1.265,1731.2,20.0,7.06
1331758223000,1331758223000,40.123656,-88.219514,7.26,214.3,175.0,10.0,1.444,1843.7,26.0,8.63
1331758224000,1331758224000,40.123579,-88.219503,8.57,214.4,175.0,10.0,1.444,1843.7,26.0,8.63
1331758225000,1331758225000,40.123496,-88.219490,9.45,214.4,175.0,10.0,1.353,1756.2,34.0,10.20
1331758226000,1331758226000,40.123403,-88.219481,10.45,214.3,176.0,10.0,1.353,1756.2,34.0,10.20
1331758227000,1331758227000,40.123304,-88.219477,11.13,214.0,177.0,10.0,1.353,1756.2,34.0,10.20
1331758228000,1331758228000,40.123200,-88.219472,11.32,213.9,178.0,10.0,1.353,1756.2,34.0,10.20
1331758229000,1331758229000,40.123093,-88.219467,11.82,213.8,179.0,10.0,1.260,1681.2,44.0,10.39
1331758230000,1331758230000,40.122989,-88.219466,11.70,213.6,178.0,10.0,1.429,1737.5,46.0,10.98
1331758231000,1331758231000,40.122879,-88.219456,12.45,213.3,175.0,10.0,1.031,1587.5,49.0,11.37
1331758232000,1331758232000,40.122762,-88.219444,13.39,213.1,177.0,10.0,1.031,1587.5,49.0,11.37
1331758233000,1331758233000,40.122636,-88.219440,14.01,212.9,179.0,10.0,1.031,1587.5,49.0,11.37
1331758234000,1331758234000,40.122506,-88.219443,14.26,212.6,179.0,10.0,1.031,1587.5,49.0,11.37
1331758235000,1331758235000,40.122375,-88.219440,14.32,212.3,179.0,10.0,1.031,1587.5,49.0,11.37
1331758236000,1331758236000,40.122244,-88.219439,14.45,212.0,179.0,10.0,0.438,1212.5,52.0,6.86
1331758237000,1331758237000,40.122112,-88.219438,14.32,211.9,179.0,10.0,0.438,1212.5,52.0,6.86
1331758238000,1331758238000,40.121979,-88.219444,14.20,212.0,180.0,10.0,0.294,1093.7,51.0,2.75
1331758239000,1331758239000,40.121846,-88.219449,14.26,211.9,180.0,10.0,0.272,1200.0,50.0,3.14
1331758240000,1331758240000,40.121720,-88.219452,13.39,212.0,180.0,10.0,0.246,1100.0,47.0,3.14
1331758241000,1331758241000,40.121602,-88.219455,13.01,212.1,180.0,10.0,0.246,1100.0,47.0,3.14
1331758242000,1331758242000,40.121485,-88.219458,12.51,212.2,179.0,10.0,0.246,1100.0,47.0,3.14
1331758243000,1331758243000,40.121373,-88.219462,12.20,212.3,181.0,10.0,0.235,1000.0,43.0,3.14
1331758244000,1331758244000,40.121264,-88.219465,11.70,212.4,181.0,10.0,0.245,1000.0,41.0,3.14
1331758245000,1331758245000,40.121159,-88.219471,11.45,212.6,182.0,10.0,0.252,1000.0,40.0,3.14
1331758246000,1331758246000,40.121055,-88.219474,11.07,212.7,182.0,10.0,0.255,981.2,39.0,3.14
1331758247000,1331758247000,40.120955,-88.219480,10.63,213.0,182.0,10.0,0.255,981.2,39.0,3.14
1331758248000,1331758248000,40.120859,-88.219484,10.26,213.3,181.0,10.0,0.257,931.2,32.0,3.14
1331758249000,1331758249000,40.120766,-88.219488,9.95,213.8,181.0,10.0,0.257,931.2,32.0,3.14
1331758250000,1331758250000,40.120676,-88.219487,9.57,214.1,179.0,10.0,0.257,931.2,32.0,3.14
1331758251000,1331758251000,40.120591,-88.219485,9.26,214.4,179.0,10.0,0.257,931.2,32.0,3.14
1331758252000,1331758252000,40.120509,-88.219487,8.51,214.6,179.0,10.0,0.257,931.2,32.0,3.14
1331758253000,1331758253000,40.120435,-88.219492,7.51,214.9,181.0,10.0,0.266,881.2,26.0,2.94
1331758254000,1331758254000,40.120372,-88.219498,6.32,215.2,182.0,10.0,0.280,843.7,19.0,2.75
1331758255000,1331758255000,40.120324,-88.219500,4.44,215.4,182.0,10.0,0.280,843.7,19.0,2.75
1331758256000,1331758256000,40.120292,-88.219506,2.81,215.7,182.0,10.0,0.291,793.7,12.0,2.75
1331758257000,1331758257000,40.120277,-88.219509,1.06,215.9,185.0,10.0,0.296,750.0,12.0,2.75
1331758258000,1331758258000,40.120273,-88.219515,0.13,216.0,214.0,10.0,0.283,737.5,6.0,2.94
1331758259000,1331758259000,40.120268,-88.219523,0.00,216.2,214.0,10.0,0.283,737.5,6.0,2.94
1331758260000,1331758260000,40.120268,-88.219523,0.00,216.2,214.0,10.0,0.283,737.5,6.0,2.94
1331758261000,1331758261000,40.120268,-88.219523,0.00,216.2,214.0,10.0,0.283,737.5,6.0,2.94
1331758262000,1331758262000,40.120268,-88.219523,0.00,216.2,214.0,10.0,0.271,718.7,0.0,2.94
1331758263000,1331758263000,40.120268,-88.219523,0.00,216.2,214.0,10.0,0.271,718.7,0.0,2.94
1331758264000,1331758264000,40.120268,-88.219523,0.00,216.2,214.0,10.0,0.506,1012.5,2.0,3.92
1331758265000,1331758265000,40.120230,-88.219553,2.00,216.6,204.0,10.0,1.010,1325.0,12.0,7.25
1331758266000,1331758266000,40.120204,-88.219551,3.25,216.8,175.0,10.0,1.010,1325.0,12.0,7.25
1331758267000,1331758267000,40.120163,-88.219542,4.57,216.7,176.0,10.0,0.937,1325.0,20.0,9.41
1331758268000,1331758268000,40.120112,-88.219534,6.00,216.6,178.0,10.0,0.571,1443.7,23.0,9.41
1331758269000,1331758269000,40.120053,-88.219527,6.88,216.5,180.0,10.0,0.571,1443.7,23.0,9.41
1331758270000,1331758270000,40.119984,-88.219524,7.38,216.5,180.0,10.0,0.773,1562.5,28.0,9.41
1331758271000,1331758271000,40.119914,-88.219522,7.76,216.5,180.0,10.0,0.763,1425.0,31.0,6.86
1331758272000,1331758272000,40.119840,-88.219519,8.51,216.4,180.0,10.0,0.788,1462.5,32.0,6.27
1331758273000,1331758273000,40.119762,-88.219517,8.82,216.2,180.0,10.0,0.988,1618.7,35.0,7.65
1331758274000,1331758274000,40.119676,-88.219517,9.76,215.9,179.0,10.0,0.988,1618.7,35.0,7.65
1331758275000,1331758275000,40.119587,-88.219515,10.32,215.7,179.0,10.0,1.100,1625.0,38.0,8.43
1331758276000,1331758276000,40.119491,-88.219512,10.76,215.6,179.0,10.0,1.266,1650.0,38.0,9.80
1331758277000,1331758277000,40.119391,-88.219510,11.63,215.7,180.0,10.0,0.798,1356.2,38.0,6.47
1331758278000,1331758278000,40.119280,-88.219508,12.26,215.6,180.0,10.0,0.645,1312.5,42.0,5.49
1331758279000,1331758279000,40.119164,-88.219507,12.38,215.4,180.0,10.0,0.645,1312.5,42.0,5.49
1331758280000,1331758280000,40.119048,-88.219505,12.64,215.3,180.0,10.0,0.994,1587.5,46.0,8.04
1331758281000,1331758281000,40.118923,-88.219503,13.39,214.8,179.0,10.0,0.816,1500.0,48.0,6.67
1331758282000,1331758282000,40.118795,-88.219501,13.89,214.3,179.0,10.0,0.504,1350.0,50.0,4.51
1331758283000,1331758283000,40.118668,-88.219500,13.70,213.9,180.0,10.0,0.504,1350.0,50.0,4.51
1331758284000,1331758284000,40.118546,-88.219499,13.82,213.8,179.0,10.0,0.504,1350.0,50.0,4.51
1331758285000,1331758285000,40.118421,-88.219498,13.26,213.3,181.0,10.0,0.360,1312.5,50.0,3.92
1331758286000,1331758286000,40.118296,-88.219498,14.01,212.7,179.0,10.0,0.313,1275.0,50.0,3.33
1331758287000,1331758287000,40.118169,-88.219496,13.76,211.8,180.0,10.0,0.336,1256.2,50.0,2.94
1331758288000,1331758288000,40.118042,-88.219495,13.57,211.1,181.0,10.0,0.311,1275.0,49.0,3.14
1331758289000,1331758289000,40.117917,-88.219498,13.51,210.3,181.0,10.0,0.311,1275.0,49.0,3.14
1331758290000,1331758290000,40.117793,-88.219503,13.64,209.4,181.0,10.0,0.311,1275.0,49.0,3.14
1331758291000,1331758291000,40.117670,-88.219508,13.14,208.4,182.0,10.0,0.264,1181.2,48.0,3.14
1331758292000,1331758292000,40.117557,-88.219515,12.38,207.6,182.0,10.0,0.260,1043.7,48.0,3.14
1331758293000,1331758293000,40.117450,-88.219520,11.38,206.7,182.0,10.0,0.270,962.5,40.0,3.14
1331758294000,1331758294000,40.117352,-88.219519,10.07,206.2,180.0,10.0,0.278,862.5,21.0,3.14
1331758295000,1331758295000,40.117273,-88.219517,8.26,205.9,178.0,10.0,0.278,862.5,21.0,3.14
1331758296000,1331758296000,40.117209,-88.219513,6.32,205.5,177.0,10.0,0.278,862.5,21.0,3.14
1331758297000,1331758297000,40.117165,-88.219503,5.13,205.5,169.0,10.0,0.290,800.0,10.0,3.14
1331758298000,1331758298000,40.117148,-88.219495,2.88,205.6,166.0,10.0,0.302,775.0,10.0,3.14
1331758299000,1331758299000,40.117151,-88.219493,1.00,205.6,164.0,10.0,0.315,750.0,10.0,3.14
1331758300000,1331758300000,40.117148,-88.219490,0.88,205.5,168.0,10.0,0.407,925.0,10.0,3.92
1331758301000,1331758301000,40.117148,-88.219491,0.00,205.8,168.0,10.0,0.407,925.0,10.0,3.92
1331758302000,1331758302000,40.117134,-88.219489,2.06,205.9,172.0,10.0,0.646,1337.5,12.0,5.49
1331758303000,1331758303000,40.117110,-88.219487,2.75,205.8,174.0,10.0,0.646,1337.5,12.0,5.49
1331758304000,1331758304000,40.117081,-88.219486,3.44,205.6,180.0,10.0,0.700,1575.0,15.0,5.49
1331758305000,1331758305000,40.117047,-88.219486,4.00,205.4,179.0,10.0,0.700,1575.0,15.0,5.49
1331758306000,1331758306000,40.117005,-88.219485,4.88,205.3,178.0,10.0,0.568,1393.7,17.0,4.71
1331758307000,1331758307000,40.116956,-88.219482,5.19,205.1,178.0,10.0,0.410,1118.7,18.0,3.73
1331758308000,1331758308000,40.116904,-88.219478,5.19,204.8,178.0,10.0,0.410,1118.7,18.0,3.73
1331758309000,1331758309000,40.116854,-88.219474,5.07,204.6,177.0,10.0,0.410,1118.7,18.0,3.73
1331758310000,1331758310000,40.116806,-88.219471,4.88,204.5,178.0,10.0,0.280,1025.0,17.0,2.75
1331758311000,1331758311000,40.116757,-88.219466,4.69,204.2,178.0,10.0,0.280,1025.0,17.0,2.75
1331758312000,1331758312000,40.116714,-88.219464,4.38,204.1,178.0,10.0,0.451,1025.0,16.0,2.75
1331758313000,1331758313000,40.116675,-88.219464,4.38,204.1,179.0,10.0,0.638,1243.7,20.0,2.75
1331758314000,1331758314000,40.116630,-88.219464,5.13,204.1,180.0,10.0,0.638,1243.7,20.0,2.75
1331758315000,1331758315000,40.116578,-88.219465,6.13,204.1,180.0,10.0,0.638,1243.7,20.0,2.75
1331758316000,1331758316000,40.116520,-88.219464,6.38,204.0,179.0,10.0,0.975,1462.5,24.0,6.27
1331758317000,1331758317000,40.116460,-88.219463,6.82,204.0,180.0,10.0,0.975,1462.5,24.0,6.27
1331758318000,1331758318000,40.116394,-88.219461,7.51,203.9,179.0,10.0,1.215,1537.5,33.0,9.41
1331758319000,1331758319000,40.116322,-88.219457,8.13,203.5,178.0,10.0,1.215,1537.5,33.0,9.41
1331758320000,1331758320000,40.116246,-88.219450,8.88,203.4,177.0,10.0,1.215,1537.5,33.0,9.41
1331758321000,1331758321000,40.116160,-88.219443,9.63,203.3,177.0,10.0,1.215,1537.5,33.0,9.41
1331758322000,1331758322000,40.116069,-88.219441,10.01,203.2,181.0,10.0,1.215,1537.5,33.0,9.41
1331758323000,1331758323000,40.115964,-88.219440,11.20,202.4,180.0,10.0,1.145,1618.7,42.0,9.22
1331758324000,1331758324000,40.115856,-88.219439,11.76,202.0,180.0,10.0,1.149,1606.2,44.0,9.22
1331758325000,1331758325000,40.115744,-88.219436,12.13,201.7,179.0,10.0,1.149,1606.2,44.0,9.22
1331758326000,1331758326000,40.115631,-88.219433,12.32,201.6,178.0,10.0,1.014,1587.5,46.0,9.02
1331758327000,1331758327000,40.115513,-88.219431,12.64,202.0,179.0,10.0,0.756,1468.7,47.0,7.25
1331758328000,1331758328000,40.115396,-88.219428,13.01,202.1,178.0,10.0,0.508,1350.0,47.0,4.31
1331758329000,1331758329000,40.115284,-88.219418,12.20,202.1,178.0,10.0,0.508,1350.0,47.0,4.31
1331758330000,1331758330000,40.115176,-88.219417,11.57,202.0,181.0,10.0,0.593,1350.0,46.0,4.71
1331758331000,1331758331000,40.115067,-88.219419,11.70,201.6,181.0,10.0,0.850,1437.5,47.0,6.27
1331758332000,1331758332000,40.114960,-88.219416,11.76,201.3,178.0,10.0,0.660,1387.5,47.0,5.10
1331758333000,1331758333000,40.114853,-88.219408,11.51,201.2,176.0,10.0,0.660,1387.5,47.0,5.10
1331758334000,1331758334000,40.114737,-88.219401,12.13,201.3,176.0,10.0,0.630,1375.0,46.0,3.92
1331758335000,1331758335000,40.114612,-88.219404,12.76,201.8,179.0,10.0,0.630,1375.0,46.0,3.92
1331758336000,1331758336000,40.114491,-88.219408,12.82,202.0,180.0,10.0,0.583,1362.5,46.0,3.92
1331758337000,1331758337000,40.114367,-88.219407,13.20,202.5,179.0,10.0,0.583,1362.5,46.0,3.92
1331758338000,1331758338000,40.114244,-88.219407,12.51,202.7,180.0,10.0,0.513,1225.0,46.0,3.92
1331758339000,1331758339000,40.114124,-88.219413,12.76,202.7,180.0,10.0,0.515,1225.0,47.0,3.33
1331758340000,1331758340000,40.113998,-88.219420,13.26,202.0,179.0,10.0,0.310,1225.0,48.0,2.94
1331758341000,1331758341000,40.113876,-88.219419,12.95,202.2,180.0,10.0,0.310,1225.0,48.0,2.94
1331758342000,1331758342000,40.113752,-88.219417,12.76,201.7,180.0,10.0,0.398,1225.0,48.0,3.14
1331758343000,1331758343000,40.113634,-88.219419,12.57,201.4,181.0,10.0,0.398,1225.0,48.0,3.14
1331758344000,1331758344000,40.113520,-88.219423,12.70,201.3,181.0,10.0,0.398,1225.0,48.0,3.14
1331758345000,1331758345000,40.113398,-88.219424,13.26,200.8,180.0,10.0,0.398,1225.0,48.0,3.14
1331758346000,1331758346000,40.113271,-88.219423,13.45,200.2,180.0,10.0,0.520,1287.5,48.0,3.92
1331758347000,1331758347000,40.113145,-88.219421,13.51,199.9,179.0,10.0,0.538,1356.2,48.0,4.71
1331758348000,1331758348000,40.113016,-88.219419,13.45,199.5,180.0,10.0,0.592,1387.5,48.0,5.10
1331758349000,1331758349000,40.112891,-88.219418,13.32,199.2,180.0,10.0,0.493,1362.5,50.0,5.49
1331758350000,1331758350000,40.112764,-88.219415,13.64,198.8,179.0,10.0,0.493,1362.5,50.0,5.49
1331758351000,1331758351000,40.112635,-88.219409,13.95,198.5,179.0,10.0,0.493,1362.5,50.0,5.49
1331758352000,1331758352000,40.112506,-88.219402,13.95,198.4,179.0,10.0,0.493,1362.5,50.0,5.49
1331758353000,1331758353000,40.112375,-88.219397,14.01,198.1,179.0,10.0,0.321,1312.5,52.0,5.49
1331758354000,1331758354000,40.112245,-88.219392,14.20,197.8,179.0,10.0,0.289,1243.7,51.0,5.49
1331758355000,1331758355000,40.112113,-88.219389,14.26,197.5,179.0,10.0,0.289,1243.7,51.0,5.49
1331758356000,1331758356000,40.111986,-88.219388,13.70,197.1,181.0,10.0,0.289,1243.7,51.0,5.49
1331758357000,1331758357000,40.111866,-88.219392,13.07,196.8,182.0,10.0,0.276,1162.5,49.0,5.49
1331758358000,1331758358000,40.111750,-88.219394,12.20,196.6,182.0,10.0,0.276,1162.5,49.0,5.49
1331758359000,1331758359000,40.111637,-88.219393,12.57,196.2,179.0,10.0,0.268,1150.0,48.0,4.12
1331758360000,1331758360000,40.111518,-88.219391,13.14,196.0,180.0,10.0,0.260,1150.0,48.0,2.75
1331758361000,1331758361000,40.111396,-88.219392,13.14,195.7,180.0,10.0,0.260,1150.0,48.0,2.75
1331758362000,1331758362000,40.111279,-88.219391,12.82,195.8,179.0,10.0,0.260,1150.0,48.0,2.75
1331758363000,1331758363000,40.111158,-88.219389,12.32,195.5,180.0,10.0,0.260,1150.0,48.0,2.75
1331758364000,1331758364000,40.111039,-88.219388,11.88,195.1,180.0,10.0,0.260,1150.0,48.0,2.75
1331758365000,1331758365000,40.110924,-88.219388,11.70,194.9,178.0,10.0,0.271,1043.7,40.0,2.75
1331758366000,1331758366000,40.110818,-88.219388,11.20,195.0,179.0,10.0,0.275,931.2,27.0,2.75
1331758367000,1331758367000,40.110719,-88.219382,10.51,195.0,176.0,10.0,0.271,956.2,20.0,2.75
1331758368000,1331758368000,40.110637,-88.219385,9.82,195.1,183.0,10.0,0.271,956.2,20.0,2.75
1331758369000,1331758369000,40.110613,-88.219436,7.13,196.7,199.0,10.0,0.463,1137.5,18.0,2.75
1331758370000,1331758370000,40.110592,-88.219490,5.38,196.5,222.0,10.0,0.733,1400.0,20.0,4.51
1331758371000,1331758371000,40.110615,-88.219571,5.63,196.2,265.0,10.0,0.941,1593.7,25.0,6.27
1331758372000,1331758372000,40.110630,-88.219663,6.82,195.9,269.0,10.0,0.941,1593.7,25.0,6.27
1331758373000,1331758373000,40.110647,-88.219758,7.63,196.5,268.0,10.0,0.941,1593.7,25.0,6.27
1331758374000,1331758374000,40.110658,-88.219860,8.26,197.3,268.0,10.0,0.724,1325.0,29.0,4.51
1331758375000,1331758375000,40.110661,-88.219961,8.51,198.0,268.0,10.0,0.404,1093.7,30.0,3.14
1331758376000,1331758376000,40.110663,-88.220059,8.32,198.7,267.0,10.0,0.404,1093.7,30.0,3.14
1331758377000,1331758377000,40.110661,-88.220156,8.26,199.2,267.0,10.0,0.404,1093.7,30.0,3.14
1331758378000,1331758378000,40.110657,-88.220253,8.44,199.8,269.0,10.0,0.656,1368.7,32.0,5.10
1331758379000,1331758379000,40.110646,-88.220355,8.76,201.5,268.0,10.0,0.656,1368.7,32.0,5.10
1331758380000,1331758380000,40.110644,-88.220459,9.19,201.9,268.0,10.0,0.887,1543.7,35.0,6.86
1331758381000,1331758381000,40.110640,-88.220571,9.76,202.0,268.0,10.0,0.887,1543.7,35.0,6.86
1331758382000,1331758382000,40.110637,-88.220687,10.20,202.1,269.0,10.0,0.909,1581.2,36.0,7.06
1331758383000,1331758383000,40.110633,-88.220808,10.51,201.8,268.0,10.0,0.924,1600.0,38.0,7.06
1331758384000,1331758384000,40.110632,-88.220933,10.70,201.9,269.0,10.0,0.924,1600.0,38.0,7.06
1331758385000,1331758385000,40.110631,-88.221061,10.95,201.9,269.0,10.0,0.924,1600.0,38.0,7.06
1331758386000,1331758386000,40.110626,-88.221187,11.07,202.0,268.0,10.0,0.818,1481.2,40.0,7.06
1331758387000,1331758387000,40.110624,-88.221319,11.45,202.4,269.0,10.0,0.818,1481.2,40.0,7.06
1331758388000,1331758388000,40.110624,-88.221457,11.57,203.0,269.0,10.0,0.534,1362.5,40.0,5.10
1331758389000,1331758389000,40.110622,-88.221593,11.45,203.5,269.0,10.0,0.336,1362.5,40.0,2.94
1331758390000,1331758390000,40.110619,-88.221727,11.38,203.8,269.0,10.0,0.299,1193.7,40.0,2.75
1331758391000,1331758391000,40.110618,-88.221861,11.20,204.0,269.0,10.0,0.281,993.7,38.0,2.75
1331758392000,1331758392000,40.110617,-88.221993,11.01,204.2,269.0,10.0,0.281,993.7,38.0,2.75
1331758393000,1331758393000,40.110616,-88.222118,10.26,204.3,269.0,10.0,0.281,993.7,38.0,2.75
